ts_code,trade_date,open,high,low,close,pre_close,change,pct_chg,vol,amount
000650.SZ,20250512,5.44,5.45,5.4,5.42,5.43,-0.01,-0.1842,123994.41,67104.763
000650.SZ,20250509,5.43,5.46,5.41,5.43,5.42,0.01,0.1845,115618.25,62826.684
000650.SZ,20250508,5.42,5.44,5.4,5.42,5.41,0.01,0.1848,98992.34,53695.656
000650.SZ,20250507,5.44,5.46,5.4,5.41,5.41,0.0,0.0,136758.91,74118.785
000650.SZ,20250506,5.4,5.42,5.38,5.41,5.38,0.03,0.5576,131248.57,70912.702
000650.SZ,20250430,5.38,5.4,5.37,5.38,5.38,0.0,0.0,107462.5,57870.24
000650.SZ,20250429,5.36,5.4,5.35,5.38,5.36,0.02,0.3731,95667.9,51425.774
000650.SZ,20250428,5.35,5.38,5.31,5.36,5.35,0.01,0.1869,122884.5,65724.213
000650.SZ,20250425,5.36,5.37,5.33,5.35,5.35,0.0,0.0,95624.26,51215.155
000650.SZ,20250424,5.35,5.39,5.33,5.35,5.35,0.0,0.0,104484.25,56012.02
000650.SZ,20250423,5.39,5.4,5.34,5.35,5.38,-0.03,-0.5576,119290.0,63897.548
000650.SZ,20250422,5.34,5.39,5.32,5.38,5.33,0.05,0.9381,160872.0,86238.218
000650.SZ,20250421,5.32,5.34,5.29,5.33,5.32,0.01,0.188,82736.0,44066.131
000650.SZ,20250418,5.33,5.35,5.29,5.32,5.32,0.0,0.0,79951.75,42501.525
000650.SZ,20250417,5.29,5.35,5.28,5.32,5.3,0.02,0.3774,82870.0,44130.52
000650.SZ,20250416,5.35,5.35,5.26,5.3,5.36,-0.06,-1.1194,135514.03,71897.6
000650.SZ,20250415,5.36,5.38,5.32,5.36,5.35,0.01,0.1869,101069.0,54050.188
000650.SZ,20250414,5.36,5.38,5.34,5.35,5.33,0.02,0.3752,149756.04,80190.353
000650.SZ,20250411,5.32,5.36,5.29,5.33,5.34,-0.01,-0.1873,127591.5,67941.821
000650.SZ,20250410,5.35,5.41,5.33,5.34,5.32,0.02,0.3759,224227.0,120567.232
000650.SZ,20250409,5.25,5.34,5.11,5.32,5.29,0.03,0.5671,233373.99,122158.429
000650.SZ,20250408,5.19,5.32,5.19,5.29,5.17,0.12,2.3211,267787.42,141178.34
000650.SZ,20250407,5.51,5.51,5.1,5.17,5.63,-0.46,-8.1705,440233.93,233876.639
000650.SZ,20250403,5.57,5.64,5.57,5.63,5.6,0.03,0.5357,183882.25,103222.685
000650.SZ,20250402,5.6,5.63,5.57,5.6,5.61,-0.01,-0.1783,142504.85,79796.628
000650.SZ,20250401,5.53,5.64,5.52,5.61,5.51,0.1,1.8149,253615.24,142048.885
000650.SZ,20250331,5.57,5.59,5.5,5.51,5.59,-0.08,-1.4311,169153.59,93656.562
000650.SZ,20250328,5.61,5.67,5.58,5.59,5.61,-0.02,-0.3565,174398.59,98012.465
000650.SZ,20250327,5.58,5.62,5.55,5.61,5.59,0.02,0.3578,143682.81,80344.306
000650.SZ,20250326,5.59,5.61,5.57,5.59,5.59,0.0,0.0,131054.0,73308.77
000650.SZ,20250325,5.55,5.59,5.52,5.59,5.55,0.04,0.7207,144418.87,80256.297
000650.SZ,20250324,5.58,5.62,5.51,5.55,5.61,-0.06,-1.0695,243084.0,135253.145
000650.SZ,20250321,5.69,5.75,5.6,5.61,5.59,0.02,0.3578,386339.35,218680.482
000650.SZ,20250320,5.6,5.61,5.58,5.59,5.6,-0.01,-0.1786,136260.0,76214.348
000650.SZ,20250319,5.62,5.63,5.59,5.6,5.62,-0.02,-0.3559,104756.01,58743.057
000650.SZ,20250318,5.63,5.63,5.59,5.62,5.62,0.0,0.0,115806.44,64956.53
000650.SZ,20250317,5.63,5.64,5.6,5.62,5.61,0.01,0.1783,163583.89,91940.946
000650.SZ,20250314,5.55,5.62,5.54,5.61,5.54,0.07,1.2635,239883.5,134054.319
000650.SZ,20250313,5.54,5.56,5.51,5.54,5.54,0.0,0.0,130794.5,72400.739
000650.SZ,20250312,5.53,5.56,5.52,5.54,5.53,0.01,0.1808,124707.54,69054.148
000650.SZ,20250311,5.5,5.53,5.47,5.53,5.51,0.02,0.363,109424.18,60189.471
000650.SZ,20250310,5.5,5.53,5.49,5.51,5.49,0.02,0.3643,105343.34,58024.809
000650.SZ,20250307,5.52,5.53,5.48,5.49,5.53,-0.04,-0.7233,142824.48,78553.003
000650.SZ,20250306,5.51,5.54,5.49,5.53,5.51,0.02,0.363,137260.76,75692.418
000650.SZ,20250305,5.54,5.54,5.48,5.51,5.54,-0.03,-0.5415,122008.76,67134.68
000650.SZ,20250304,5.52,5.55,5.51,5.54,5.54,0.0,0.0,109428.97,60496.64
000650.SZ,20250303,5.54,5.58,5.53,5.54,5.54,0.0,0.0,137884.44,76620.999
000650.SZ,20250228,5.58,5.6,5.53,5.54,5.59,-0.05,-0.8945,171384.32,95318.267
000650.SZ,20250227,5.57,5.59,5.54,5.59,5.57,0.02,0.3591,148445.21,82562.999
000650.SZ,20250226,5.54,5.58,5.53,5.57,5.54,0.03,0.5415,137647.8,76517.253
000650.SZ,20250225,5.59,5.59,5.54,5.54,5.59,-0.05,-0.8945,139037.5,77218.614
000650.SZ,20250224,5.6,5.62,5.57,5.59,5.61,-0.02,-0.3565,125562.25,70257.593
000650.SZ,20250221,5.63,5.66,5.58,5.61,5.63,-0.02,-0.3552,180291.5,101034.918
000650.SZ,20250220,5.58,5.65,5.58,5.63,5.59,0.04,0.7156,154453.92,86845.047
000650.SZ,20250219,5.58,5.61,5.56,5.59,5.59,0.0,0.0,132930.23,74228.611
000650.SZ,20250218,5.7,5.7,5.57,5.59,5.7,-0.11,-1.9298,226598.92,127735.439
000650.SZ,20250217,5.73,5.75,5.69,5.7,5.72,-0.02,-0.3497,200164.75,114347.797
000650.SZ,20250214,5.68,5.74,5.67,5.72,5.69,0.03,0.5272,151841.41,86757.819
000650.SZ,20250213,5.67,5.72,5.65,5.69,5.68,0.01,0.1761,172702.38,98341.777
000650.SZ,20250212,5.69,5.7,5.64,5.68,5.69,-0.01,-0.1757,141698.94,80267.469
000650.SZ,20250211,5.73,5.73,5.66,5.69,5.73,-0.04,-0.6981,143053.15,81361.573
000650.SZ,20250210,5.72,5.74,5.69,5.73,5.7,0.03,0.5263,194898.0,111502.162
000650.SZ,20250207,5.63,5.72,5.63,5.7,5.65,0.05,0.885,221144.6,125685.126
000650.SZ,20250206,5.61,5.65,5.57,5.65,5.62,0.03,0.5338,157004.6,88132.54
000650.SZ,20250205,5.65,5.67,5.59,5.62,5.61,0.01,0.1783,137048.5,77128.535
000650.SZ,20250127,5.61,5.69,5.59,5.61,5.59,0.02,0.3578,186111.71,105049.817
000650.SZ,20250124,5.58,5.59,5.53,5.59,5.58,0.01,0.1792,143226.0,79804.897
000650.SZ,20250123,5.62,5.65,5.58,5.58,5.59,-0.01,-0.1789,165063.11,92755.344
000650.SZ,20250122,5.61,5.64,5.57,5.59,5.62,-0.03,-0.5338,92486.0,51779.909
000650.SZ,20250121,5.64,5.65,5.58,5.62,5.63,-0.01,-0.1776,113663.81,63706.694
000650.SZ,20250120,5.66,5.68,5.61,5.63,5.62,0.01,0.1779,127042.5,71683.555
000650.SZ,20250117,5.6,5.65,5.57,5.62,5.6,0.02,0.3571,115904.01,65098.261
000650.SZ,20250116,5.64,5.68,5.58,5.6,5.62,-0.02,-0.3559,156459.0,88095.053
000650.SZ,20250115,5.65,5.65,5.59,5.62,5.63,-0.01,-0.1776,124244.71,69737.346
000650.SZ,20250114,5.52,5.65,5.51,5.63,5.51,0.12,2.1779,179831.21,100581.383
000650.SZ,20250113,5.5,5.53,5.45,5.51,5.52,-0.01,-0.1812,122244.13,67153.571
000650.SZ,20250110,5.56,5.57,5.51,5.52,5.55,-0.03,-0.5405,132124.09,73241.375
000650.SZ,20250109,5.55,5.59,5.5,5.55,5.58,-0.03,-0.5376,131957.0,73265.528
000650.SZ,20250108,5.64,5.67,5.51,5.58,5.64,-0.06,-1.0638,206558.02,115375.633
000650.SZ,20250107,5.77,5.77,5.58,5.64,5.75,-0.11,-1.913,262348.82,147840.83
000650.SZ,20250106,5.63,5.76,5.62,5.75,5.61,0.14,2.4955,310166.17,177099.927
000650.SZ,20250103,5.63,5.72,5.58,5.61,5.63,-0.02,-0.3552,219567.51,124184.113
000650.SZ,20250102,5.79,5.8,5.58,5.63,5.76,-0.13,-2.2569,246050.65,140191.293
000650.SZ,20241231,5.89,5.91,5.76,5.76,5.88,-0.12,-2.0408,232089.44,135211.392
000650.SZ,20241230,5.89,5.91,5.85,5.88,5.9,-0.02,-0.339,128939.76,75841.044
000650.SZ,20241227,5.87,5.92,5.83,5.9,5.87,0.03,0.5111,176451.24,103911.515
000650.SZ,20241226,5.88,5.9,5.85,5.87,5.89,-0.02,-0.3396,126604.0,74382.519
000650.SZ,20241225,5.89,5.92,5.83,5.89,5.87,0.02,0.3407,161206.95,94563.07
000650.SZ,20241224,5.83,5.88,5.83,5.87,5.83,0.04,0.6861,163671.8,95858.232
000650.SZ,20241223,5.94,5.96,5.83,5.83,5.95,-0.12,-2.0168,252510.53,148499.035
000650.SZ,20241220,5.95,5.99,5.92,5.95,5.95,0.0,0.0,177820.5,105851.933
000650.SZ,20241219,5.91,5.95,5.86,5.95,5.94,0.01,0.1684,237198.0,139844.338
000650.SZ,20241218,5.95,5.98,5.92,5.94,5.93,0.01,0.1686,193701.56,115277.161
000650.SZ,20241217,6.04,6.04,5.92,5.93,6.03,-0.1,-1.6584,295329.89,176216.547
000650.SZ,20241216,6.02,6.12,6.01,6.03,6.03,0.0,0.0,281304.77,170364.257
000650.SZ,20241213,6.15,6.15,6.02,6.03,6.16,-0.13,-2.1104,402497.53,244575.456
000650.SZ,20241212,6.08,6.19,6.05,6.16,6.06,0.1,1.6502,584527.85,358709.16
000650.SZ,20241211,6.02,6.07,6.01,6.06,6.02,0.04,0.6645,282741.59,171020.571
000650.SZ,20241210,6.12,6.16,6.01,6.02,6.01,0.01,0.1664,460035.05,279198.81
000650.SZ,20241209,6.06,6.08,5.99,6.01,6.03,-0.02,-0.3317,332252.69,200794.104
000650.SZ,20241206,5.93,6.03,5.92,6.03,5.94,0.09,1.5152,366374.93,219486.628
000650.SZ,20241205,5.92,5.94,5.89,5.94,5.93,0.01,0.1686,194611.25,115216.949
000650.SZ,20241204,6.01,6.01,5.91,5.93,6.01,-0.08,-1.3311,256162.01,152629.174
000650.SZ,20241203,6.04,6.05,5.96,6.01,6.03,-0.02,-0.3317,252027.93,151135.708
000650.SZ,20241202,5.96,6.05,5.95,6.03,5.97,0.06,1.005,329782.26,198280.623
000650.SZ,20241129,5.9,5.99,5.89,5.97,5.92,0.05,0.8446,290400.01,172650.805
000650.SZ,20241128,5.91,5.95,5.89,5.92,5.91,0.01,0.1692,250096.0,147962.592
000650.SZ,20241127,5.86,5.92,5.78,5.91,5.87,0.04,0.6814,231043.99,135043.727
000650.SZ,20241126,5.85,5.93,5.83,5.87,5.85,0.02,0.3419,228300.93,134438.697
000650.SZ,20241125,5.86,5.88,5.79,5.85,5.84,0.01,0.1712,209221.39,122100.821
000650.SZ,20241122,6.04,6.05,5.83,5.84,6.05,-0.21,-3.4711,368327.38,218499.205
000650.SZ,20241121,6.01,6.09,5.95,6.05,6.0,0.05,0.8333,361646.19,217616.818
000650.SZ,20241120,5.93,6.02,5.92,6.0,5.95,0.05,0.8403,320802.63,191903.362
000650.SZ,20241119,5.89,5.95,5.85,5.95,5.89,0.06,1.0187,278862.98,164656.742
000650.SZ,20241118,5.95,6.01,5.86,5.89,5.94,-0.05,-0.8418,386681.51,229817.097
000650.SZ,20241115,6.0,6.06,5.94,5.94,6.01,-0.07,-1.1647,344003.45,206454.742
000650.SZ,20241114,6.14,6.16,5.99,6.01,6.14,-0.13,-2.1173,435325.5,264217.822
000650.SZ,20241113,6.24,6.3,6.07,6.14,6.27,-0.13,-2.0734,715948.44,441061.033
000650.SZ,20241112,6.05,6.38,6.04,6.27,6.03,0.24,3.9801,1383040.58,863085.668
000650.SZ,20241111,6.01,6.03,5.92,6.03,6.02,0.01,0.1661,482501.28,288678.894
000650.SZ,20241108,6.1,6.13,5.95,6.02,6.04,-0.02,-0.3311,672419.9,405215.715
000650.SZ,20241107,5.82,6.05,5.8,6.04,5.85,0.19,3.2479,699792.93,417209.848
000650.SZ,20241106,5.84,5.88,5.8,5.85,5.85,0.0,0.0,497476.37,290634.813
000650.SZ,20241105,5.76,5.85,5.73,5.85,5.77,0.08,1.3865,514560.02,298966.663
000650.SZ,20241104,5.7,5.77,5.69,5.77,5.7,0.07,1.2281,300722.21,172236.705
000650.SZ,20241101,5.75,5.77,5.65,5.7,5.76,-0.06,-1.0417,380893.35,217699.052
000650.SZ,20241031,5.72,5.79,5.7,5.76,5.73,0.03,0.5236,354720.01,204114.502
000650.SZ,20241030,5.78,5.82,5.67,5.73,5.81,-0.08,-1.3769,444257.94,255221.564
000650.SZ,20241029,6.0,6.04,5.8,5.81,6.08,-0.27,-4.4408,997802.07,586896.087
000650.SZ,20241028,5.95,6.09,5.94,6.08,5.96,0.12,2.0134,544183.48,328328.237
000650.SZ,20241025,5.89,5.97,5.87,5.96,5.9,0.06,1.0169,482581.5,286171.4
000650.SZ,20241024,5.93,5.97,5.87,5.9,5.95,-0.05,-0.8403,505981.48,299679.445
000650.SZ,20241023,5.92,5.97,5.88,5.95,5.92,0.03,0.5068,493004.3,292293.553
000650.SZ,20241022,5.85,5.95,5.82,5.92,5.85,0.07,1.1966,604129.94,355941.07
000650.SZ,20241021,5.94,5.94,5.84,5.85,5.89,-0.04,-0.6791,424245.04,249175.736
000650.SZ,20241018,5.78,5.98,5.77,5.89,5.79,0.1,1.7271,441709.79,259287.447
000650.SZ,20241017,5.88,5.9,5.79,5.79,5.84,-0.05,-0.8562,267269.19,155965.317
000650.SZ,20241016,5.8,5.91,5.78,5.84,5.84,0.0,0.0,293321.88,171596.406
000650.SZ,20241015,5.94,5.99,5.84,5.84,5.96,-0.12,-2.0134,304836.06,180241.766
000650.SZ,20241014,5.94,6.02,5.83,5.96,5.94,0.02,0.3367,428831.23,254074.795
000650.SZ,20241011,6.18,6.19,5.87,5.94,6.19,-0.25,-4.0388,456513.18,274818.468
000650.SZ,20241010,6.16,6.38,6.11,6.19,6.16,0.03,0.487,443604.19,277444.988
000650.SZ,20241009,6.52,6.52,6.15,6.16,6.64,-0.48,-7.2289,712131.87,449415.154
000650.SZ,20241008,7.02,7.03,6.4,6.64,6.39,0.25,3.9124,977128.17,653280.272
000650.SZ,20240930,6.09,6.45,6.03,6.39,5.9,0.49,8.3051,784990.81,490846.309
000650.SZ,20240927,5.77,6.01,5.76,5.9,5.7,0.2,3.5088,474254.88,278577.277
000650.SZ,20240926,5.52,5.7,5.5,5.7,5.53,0.17,3.0741,315552.0,177023.695
000650.SZ,20240925,5.51,5.63,5.51,5.53,5.46,0.07,1.2821,299449.45,166815.798
000650.SZ,20240924,5.32,5.48,5.31,5.46,5.3,0.16,3.0189,255377.43,137988.071
000650.SZ,20240923,5.26,5.32,5.25,5.3,5.27,0.03,0.5693,98800.69,52238.776
000650.SZ,20240920,5.3,5.3,5.21,5.27,5.29,-0.02,-0.3781,109268.75,57336.039
000650.SZ,20240919,5.2,5.32,5.16,5.29,5.17,0.12,2.3211,159957.97,84023.935
000650.SZ,20240918,5.2,5.21,5.1,5.17,5.2,-0.03,-0.5769,110070.84,56660.506
000650.SZ,20240913,5.2,5.24,5.17,5.2,5.22,-0.02,-0.3831,112285.68,58406.116
000650.SZ,20240912,5.25,5.3,5.21,5.22,5.23,-0.01,-0.1912,95997.4,50407.229
000650.SZ,20240911,5.26,5.27,5.19,5.23,5.28,-0.05,-0.947,113121.41,59217.51
000650.SZ,20240910,5.35,5.38,5.19,5.28,5.35,-0.07,-1.3084,167634.0,88107.453
000650.SZ,20240909,5.37,5.43,5.33,5.35,5.38,-0.03,-0.5576,117012.45,62841.689
000650.SZ,20240906,5.41,5.45,5.37,5.38,5.43,-0.05,-0.9208,95436.8,51560.991
000650.SZ,20240905,5.37,5.45,5.34,5.43,5.37,0.06,1.1173,127597.56,69219.087
000650.SZ,20240904,5.39,5.45,5.36,5.37,5.41,-0.04,-0.7394,131268.85,70881.328
000650.SZ,20240903,5.39,5.48,5.37,5.41,5.39,0.02,0.3711,140309.21,76184.723
000650.SZ,20240902,5.44,5.49,5.39,5.39,5.45,-0.06,-1.1009,153207.0,83231.7
000650.SZ,20240830,5.45,5.54,5.39,5.45,5.43,0.02,0.3683,232539.0,127260.928
000650.SZ,20240829,5.34,5.45,5.33,5.43,5.36,0.07,1.306,162496.78,87997.76
000650.SZ,20240828,5.28,5.43,5.25,5.36,5.24,0.12,2.2901,231247.57,123816.74
000650.SZ,20240827,5.28,5.33,5.22,5.24,5.29,-0.05,-0.9452,150337.46,79165.523
000650.SZ,20240826,5.28,5.3,5.22,5.29,5.29,0.0,0.0,129341.36,68071.848
000650.SZ,20240823,5.34,5.36,5.27,5.29,5.33,-0.04,-0.7505,150965.9,80025.358
000650.SZ,20240822,5.38,5.4,5.32,5.33,5.37,-0.04,-0.7449,134623.97,72027.244
000650.SZ,20240821,5.47,5.48,5.35,5.37,5.48,-0.11,-2.0073,197238.61,106393.598
000650.SZ,20240820,5.58,5.6,5.46,5.48,5.58,-0.1,-1.7921,192920.0,106157.353
000650.SZ,20240819,5.61,5.64,5.56,5.58,5.61,-0.03,-0.5348,172438.0,96566.474
000650.SZ,20240816,5.61,5.63,5.55,5.61,5.62,-0.01,-0.1779,197386.0,110568.336
000650.SZ,20240815,5.61,5.68,5.58,5.62,5.61,0.01,0.1783,271602.0,152704.825
000650.SZ,20240814,5.67,5.67,5.59,5.61,5.68,-0.07,-1.2324,177807.61,99853.695
000650.SZ,20240813,5.7,5.7,5.61,5.68,5.7,-0.02,-0.3509,260804.89,147091.448
000650.SZ,20240812,5.61,5.77,5.59,5.7,5.61,0.09,1.6043,357715.05,203668.044
000650.SZ,20240809,5.69,5.72,5.58,5.61,5.69,-0.08,-1.406,237051.0,133724.985
000650.SZ,20240808,5.59,5.72,5.57,5.69,5.6,0.09,1.6071,277069.0,157033.25
000650.SZ,20240807,5.67,5.67,5.57,5.6,5.68,-0.08,-1.4085,214271.0,120242.374
000650.SZ,20240806,5.61,5.68,5.6,5.68,5.58,0.1,1.7921,226680.47,127964.179
000650.SZ,20240805,5.63,5.75,5.58,5.58,5.66,-0.08,-1.4134,286333.99,161899.589
000650.SZ,20240802,5.64,5.75,5.62,5.66,5.66,0.0,0.0,287097.0,163501.064
000650.SZ,20240801,5.67,5.76,5.62,5.66,5.66,0.0,0.0,226705.0,128856.071
000650.SZ,20240731,5.52,5.71,5.51,5.66,5.51,0.15,2.7223,354324.89,199878.058
000650.SZ,20240730,5.51,5.56,5.48,5.51,5.52,-0.01,-0.1812,123429.0,68084.209
000650.SZ,20240729,5.59,5.61,5.51,5.52,5.6,-0.08,-1.4286,124945.12,69309.397
000650.SZ,20240726,5.65,5.66,5.57,5.6,5.58,0.02,0.3584,139578.25,78339.894
000650.SZ,20240725,5.59,5.64,5.48,5.58,5.47,0.11,2.011,199136.5,111192.189
000650.SZ,20240724,5.53,5.56,5.45,5.47,5.55,-0.08,-1.4414,148203.0,81493.145
000650.SZ,20240723,5.68,5.69,5.54,5.55,5.67,-0.12,-2.1164,214732.5,120175.805
000650.SZ,20240722,5.69,5.73,5.61,5.67,5.7,-0.03,-0.5263,151688.0,86136.651
000650.SZ,20240719,5.74,5.81,5.66,5.7,5.76,-0.06,-1.0417,209649.0,119969.156
000650.SZ,20240718,5.68,5.77,5.63,5.76,5.7,0.06,1.0526,202355.61,115641.475
000650.SZ,20240717,5.67,5.71,5.61,5.7,5.68,0.02,0.3521,149838.13,84907.377
000650.SZ,20240716,5.68,5.7,5.63,5.68,5.7,-0.02,-0.3509,112046.86,63478.819
000650.SZ,20240715,5.76,5.77,5.69,5.7,5.79,-0.09,-1.5544,149188.88,85259.433
000650.SZ,20240712,5.82,5.84,5.7,5.79,5.82,-0.03,-0.5155,238781.0,137831.196
000650.SZ,20240711,5.79,5.84,5.72,5.82,5.7,0.12,2.1053,179406.0,103994.77
000650.SZ,20240710,5.72,5.79,5.68,5.7,5.75,-0.05,-0.8696,150320.0,86123.666
000650.SZ,20240709,5.76,5.77,5.57,5.75,5.75,0.0,0.0,240282.01,136331.785
000650.SZ,20240708,5.86,5.87,5.72,5.75,5.84,-0.09,-1.5411,141182.0,81463.835
000650.SZ,20240705,5.92,6.06,5.9,6.04,5.94,0.1,1.6835,157590.74,94460.416
000650.SZ,20240704,6.04,6.05,5.89,5.94,6.02,-0.08,-1.3289,129813.27,77233.811
000650.SZ,20240703,6.05,6.09,6.0,6.02,6.07,-0.05,-0.8237,103241.0,62284.857
000650.SZ,20240702,6.08,6.13,6.05,6.07,6.09,-0.02,-0.3284,134488.0,81753.07
000650.SZ,20240701,5.89,6.12,5.88,6.09,5.9,0.19,3.2203,196576.0,118158.459
000650.SZ,20240628,5.9,5.98,5.87,5.9,5.86,0.04,0.6826,152298.01,90317.92
000650.SZ,20240627,5.98,6.01,5.84,5.86,6.0,-0.14,-2.3333,179120.0,105584.456
000650.SZ,20240626,5.77,6.02,5.73,6.0,5.77,0.23,3.9861,221593.96,130061.751
000650.SZ,20240625,5.76,5.81,5.69,5.77,5.76,0.01,0.1736,164617.4,94750.351
000650.SZ,20240624,5.92,5.94,5.73,5.76,5.88,-0.12,-2.0408,202879.9,118171.992
000650.SZ,20240621,5.87,6.01,5.83,5.88,5.88,0.0,0.0,262983.64,155571.099
000650.SZ,20240620,6.26,6.28,5.8,5.88,6.26,-0.38,-6.0703,567956.92,340084.363
000650.SZ,20240619,6.39,6.42,6.26,6.26,6.4,-0.14,-2.1875,161034.75,101706.731
000650.SZ,20240618,6.37,6.46,6.33,6.4,6.37,0.03,0.471,145735.01,93207.681
000650.SZ,20240617,6.42,6.49,6.35,6.37,6.45,-0.08,-1.2403,175282.25,112346.945
000650.SZ,20240614,6.4,6.48,6.35,6.45,6.42,0.03,0.4673,164272.83,105209.576
000650.SZ,20240613,6.63,6.63,6.35,6.42,6.62,-0.2,-3.0211,362033.5,233583.116
000650.SZ,20240612,6.64,6.67,6.58,6.62,6.65,-0.03,-0.4511,131094.13,86816.857
000650.SZ,20240611,6.59,6.68,6.5,6.65,6.61,0.04,0.6051,129473.44,85290.469
000650.SZ,20240607,6.58,6.67,6.55,6.61,6.55,0.06,0.916,154716.66,102222.075
000650.SZ,20240606,6.66,6.71,6.52,6.55,6.64,-0.09,-1.3554,383607.86,253664.176
000650.SZ,20240605,6.73,6.83,6.61,6.64,6.72,-0.08,-1.1905,179683.75,120968.424
000650.SZ,20240604,6.63,6.74,6.58,6.72,6.65,0.07,1.0526,162883.65,108575.08
000650.SZ,20240603,6.8,6.84,6.55,6.65,6.8,-0.15,-2.2059,282621.19,188385.4
000650.SZ,20240531,6.73,6.84,6.72,6.8,6.73,0.07,1.0401,125767.28,85265.53
000650.SZ,20240530,6.74,6.83,6.69,6.73,6.78,-0.05,-0.7375,162680.25,109762.865
000650.SZ,20240529,6.86,6.86,6.74,6.78,6.87,-0.09,-1.31,181650.68,123232.107
000650.SZ,20240528,6.94,6.94,6.85,6.87,6.95,-0.08,-1.1511,186219.01,128137.61
000650.SZ,20240527,6.81,6.95,6.79,6.95,6.81,0.14,2.0558,230724.51,158535.499
000650.SZ,20240524,6.8,6.9,6.76,6.81,6.82,-0.01,-0.1466,181657.64,124219.43
000650.SZ,20240523,6.95,7.16,6.78,6.82,6.94,-0.12,-1.7291,396275.45,274237.23
000650.SZ,20240522,7.04,7.07,6.91,6.94,7.03,-0.09,-1.2802,208846.0,145316.01
000650.SZ,20240521,7.02,7.11,6.98,7.03,7.04,-0.01,-0.142,205883.5,144684.836
000650.SZ,20240520,7.11,7.14,6.95,7.04,7.13,-0.09,-1.2623,367016.15,257561.697
000650.SZ,20240517,7.13,7.15,7.05,7.13,7.08,0.05,0.7062,236345.5,167535.522
000650.SZ,20240516,7.18,7.22,7.03,7.08,7.22,-0.14,-1.9391,465449.31,331289.341
000650.SZ,20240515,7.38,7.39,7.18,7.22,7.38,-0.16,-2.168,370484.07,269767.025
000650.SZ,20240514,7.09,7.42,7.09,7.38,7.12,0.26,3.6517,646968.73,473756.037
000650.SZ,20240513,7.24,7.24,7.06,7.12,7.28,-0.16,-2.1978,570608.73,406965.514
000650.SZ,20240510,7.05,7.32,6.99,7.28,7.02,0.26,3.7037,902871.8,648220.089
000650.SZ,20240509,6.83,7.15,6.8,7.02,6.87,0.15,2.1834,520604.9,364404.137
000650.SZ,20240508,6.79,7.08,6.79,6.87,6.8,0.07,1.0294,524963.7,363704.774
000650.SZ,20240507,6.76,6.85,6.73,6.8,6.78,0.02,0.295,248537.35,168659.616
000650.SZ,20240506,6.62,6.78,6.61,6.78,6.53,0.25,3.8285,394938.4,265728.992
000650.SZ,20240430,6.5,6.65,6.5,6.53,6.52,0.01,0.1534,460353.63,303240.283
000650.SZ,20240429,6.49,6.58,6.45,6.52,6.55,-0.03,-0.458,528926.39,344034.281
000650.SZ,20240426,6.6,6.65,6.36,6.55,6.79,-0.24,-3.5346,635288.68,414379.062
000650.SZ,20240425,6.7,6.8,6.67,6.79,6.72,0.07,1.0417,237305.79,160038.53
000650.SZ,20240424,6.7,6.72,6.61,6.72,6.7,0.02,0.2985,170428.01,113829.869
000650.SZ,20240423,6.6,6.75,6.6,6.7,6.62,0.08,1.2085,266167.85,178005.629
000650.SZ,20240422,6.6,6.68,6.6,6.62,6.59,0.03,0.4552,207070.5,137506.796
000650.SZ,20240419,6.53,6.6,6.47,6.59,6.55,0.04,0.6107,171264.45,112130.852
000650.SZ,20240418,6.59,6.69,6.54,6.55,6.59,-0.04,-0.607,266264.79,176399.184
000650.SZ,20240417,6.42,6.59,6.42,6.59,6.42,0.17,2.648,276202.01,180453.713
000650.SZ,20240416,6.5,6.58,6.38,6.42,6.51,-0.09,-1.3825,323622.38,209264.167
000650.SZ,20240415,6.43,6.55,6.41,6.51,6.41,0.1,1.5601,282566.3,183348.481
000650.SZ,20240412,6.48,6.5,6.38,6.41,6.49,-0.08,-1.2327,123754.79,79514.104
000650.SZ,20240411,6.45,6.54,6.39,6.49,6.5,-0.01,-0.1538,119537.68,77651.529
000650.SZ,20240410,6.57,6.58,6.46,6.5,6.58,-0.08,-1.2158,142908.63,92974.832
000650.SZ,20240409,6.36,6.6,6.36,6.58,6.38,0.2,3.1348,228022.89,148439.198
000650.SZ,20240408,6.55,6.58,6.37,6.38,6.58,-0.2,-3.0395,193438.25,125121.506
000650.SZ,20240403,6.51,6.6,6.5,6.58,6.55,0.03,0.458,152933.0,100266.354
000650.SZ,20240402,6.6,6.62,6.49,6.55,6.62,-0.07,-1.0574,150615.73,98514.174
000650.SZ,20240401,6.59,6.62,6.54,6.62,6.57,0.05,0.761,167498.9,110157.395
000650.SZ,20240329,6.52,6.58,6.48,6.57,6.52,0.05,0.7669,123013.5,80266.344
000650.SZ,20240328,6.46,6.6,6.42,6.52,6.46,0.06,0.9288,207628.26,135678.054
000650.SZ,20240327,6.49,6.6,6.46,6.46,6.55,-0.09,-1.374,152794.0,100080.625
000650.SZ,20240326,6.45,6.56,6.45,6.55,6.45,0.1,1.5504,155052.95,100908.35
000650.SZ,20240325,6.5,6.58,6.45,6.45,6.51,-0.06,-0.9217,211467.61,137817.996
000650.SZ,20240322,6.62,6.64,6.44,6.51,6.63,-0.12,-1.81,184429.71,120023.922
000650.SZ,20240321,6.7,6.72,6.61,6.63,6.66,-0.03,-0.4505,91510.01,60821.985
000650.SZ,20240320,6.62,6.69,6.58,6.66,6.62,0.04,0.6042,134465.74,89258.37
000650.SZ,20240319,6.69,6.7,6.61,6.62,6.69,-0.07,-1.0463,114546.45,76217.335
000650.SZ,20240318,6.6,6.69,6.6,6.69,6.63,0.06,0.905,126407.15,84100.959
000650.SZ,20240315,6.54,6.63,6.52,6.63,6.58,0.05,0.7599,142532.08,93974.485
000650.SZ,20240314,6.62,6.71,6.53,6.58,6.6,-0.02,-0.303,168483.77,111199.376
000650.SZ,20240313,6.65,6.65,6.5,6.6,6.62,-0.02,-0.3021,137943.0,90668.796
000650.SZ,20240312,6.53,6.73,6.52,6.62,6.5,0.12,1.8462,265409.43,176483.988
000650.SZ,20240311,6.36,6.5,6.33,6.5,6.36,0.14,2.2013,223034.7,143451.611
000650.SZ,20240308,6.31,6.4,6.31,6.36,6.32,0.04,0.6329,118615.5,75380.59
000650.SZ,20240307,6.37,6.41,6.32,6.32,6.39,-0.07,-1.0955,134761.25,85778.584
000650.SZ,20240306,6.4,6.43,6.31,6.39,6.41,-0.02,-0.312,197719.75,126003.054
000650.SZ,20240305,6.44,6.47,6.38,6.41,6.46,-0.05,-0.774,137953.67,88602.227
000650.SZ,20240304,6.4,6.53,6.37,6.46,6.44,0.02,0.3106,153506.72,98776.659
000650.SZ,20240301,6.43,6.47,6.4,6.44,6.43,0.01,0.1555,154809.71,99664.853
000650.SZ,20240229,6.25,6.45,6.22,6.43,6.28,0.15,2.3885,242600.76,154860.315
000650.SZ,20240228,6.46,6.6,6.27,6.28,6.44,-0.16,-2.4845,344898.55,222535.675
000650.SZ,20240227,6.38,6.45,6.34,6.44,6.37,0.07,1.0989,164010.53,105044.128
000650.SZ,20240226,6.39,6.45,6.33,6.37,6.37,0.0,0.0,207834.59,132879.38
000650.SZ,20240223,6.27,6.38,6.18,6.37,6.25,0.12,1.92,278417.08,175454.477
000650.SZ,20240222,6.17,6.26,6.16,6.25,6.19,0.06,0.9693,203411.57,126471.284
000650.SZ,20240221,6.23,6.33,6.14,6.19,6.25,-0.06,-0.96,255296.14,159432.584
000650.SZ,20240220,6.08,6.29,6.01,6.25,6.08,0.17,2.7961,286643.6,177370.236
000650.SZ,20240219,6.15,6.19,6.01,6.08,6.06,0.02,0.33,267014.31,162726.316
000650.SZ,20240208,5.95,6.15,5.9,6.06,5.9,0.16,2.7119,384783.01,233503.816
000650.SZ,20240207,5.71,6.0,5.71,5.9,5.69,0.21,3.6907,416898.54,245286.636
000650.SZ,20240206,5.22,5.74,5.17,5.69,5.26,0.43,8.1749,382702.08,209886.313
000650.SZ,20240205,5.38,5.5,5.09,5.26,5.46,-0.2,-3.663,327810.02,173215.763
000650.SZ,20240202,5.68,5.74,5.27,5.46,5.66,-0.2,-3.5336,306652.68,169263.258
000650.SZ,20240201,5.7,5.79,5.57,5.66,5.73,-0.07,-1.2216,237565.19,134707.649
000650.SZ,20240131,5.96,5.96,5.68,5.73,5.98,-0.25,-4.1806,297628.25,172804.392
000650.SZ,20240130,6.17,6.17,5.96,5.98,6.18,-0.2,-3.2362,188129.68,114137.766
000650.SZ,20240129,6.22,6.29,6.15,6.18,6.2,-0.02,-0.3226,184069.75,114253.501
000650.SZ,20240126,6.16,6.28,6.14,6.2,6.18,0.02,0.3236,197657.58,122928.504
000650.SZ,20240125,5.98,6.19,5.94,6.18,6.01,0.17,2.8286,244961.92,149606.973
000650.SZ,20240124,5.96,6.02,5.77,6.01,5.93,0.08,1.3491,255800.39,151272.083
000650.SZ,20240123,5.91,6.05,5.79,5.93,5.93,0.0,0.0,272033.96,160068.653
000650.SZ,20240122,6.34,6.34,5.88,5.93,6.33,-0.4,-6.3191,340246.26,206631.216
000650.SZ,20240119,6.32,6.44,6.3,6.33,6.34,-0.01,-0.1577,182073.5,115748.761
000650.SZ,20240118,6.42,6.42,6.18,6.34,6.4,-0.06,-0.9375,267043.77,167283.921
000650.SZ,20240117,6.53,6.63,6.4,6.4,6.54,-0.14,-2.1407,161285.4,105130.19
000650.SZ,20240116,6.57,6.61,6.47,6.54,6.57,-0.03,-0.4566,129143.0,84267.928
000650.SZ,20240115,6.55,6.64,6.51,6.57,6.55,0.02,0.3053,131436.5,86488.659
000650.SZ,20240112,6.56,6.62,6.54,6.55,6.58,-0.03,-0.4559,126590.42,83323.049
000650.SZ,20240111,6.49,6.63,6.43,6.58,6.47,0.11,1.7002,183627.23,120107.211
000650.SZ,20240110,6.49,6.55,6.45,6.47,6.51,-0.04,-0.6144,110489.02,71804.831
000650.SZ,20240109,6.47,6.58,6.45,6.51,6.47,0.04,0.6182,148466.23,96647.831
000650.SZ,20240108,6.62,6.64,6.45,6.47,6.63,-0.16,-2.4133,152755.45,99671.364
000650.SZ,20240105,6.72,6.75,6.6,6.63,6.74,-0.11,-1.632,145954.55,97300.022
000650.SZ,20240104,6.75,6.77,6.67,6.74,6.75,-0.01,-0.1481,129134.63,86593.654
000650.SZ,20240103,6.73,6.86,6.7,6.75,6.73,0.02,0.2972,201113.97,135913.574
000650.SZ,20240102,6.62,6.8,6.62,6.73,6.63,0.1,1.5083,249447.54,167771.016
000650.SZ,20231229,6.52,6.68,6.51,6.63,6.52,0.11,1.6871,195264.07,128870.247
000650.SZ,20231228,6.46,6.58,6.4,6.52,6.48,0.04,0.6173,200723.01,130620.195
000650.SZ,20231227,6.39,6.51,6.35,6.48,6.37,0.11,1.7268,176826.56,113925.181
000650.SZ,20231226,6.48,6.51,6.35,6.37,6.49,-0.12,-1.849,172054.0,110330.793
000650.SZ,20231225,6.5,6.53,6.42,6.49,6.51,-0.02,-0.3072,124032.0,80171.1
000650.SZ,20231222,6.62,6.65,6.47,6.51,6.64,-0.13,-1.9578,202485.26,132639.047
000650.SZ,20231221,6.56,6.69,6.45,6.64,6.58,0.06,0.9119,257027.49,168627.867
000650.SZ,20231220,6.6,6.7,6.57,6.58,6.62,-0.04,-0.6042,171328.23,113745.243
000650.SZ,20231219,6.67,6.71,6.58,6.62,6.68,-0.06,-0.8982,159227.17,105306.831
000650.SZ,20231218,6.66,6.84,6.61,6.68,6.67,0.01,0.1499,256486.31,173144.666
000650.SZ,20231215,6.76,6.79,6.63,6.67,6.77,-0.1,-1.4771,243220.0,162964.749
000650.SZ,20231214,6.87,6.9,6.76,6.77,6.84,-0.07,-1.0234,195023.0,133013.663
000650.SZ,20231213,6.83,6.94,6.81,6.84,6.84,0.0,0.0,261102.75,179895.876
000650.SZ,20231212,6.85,6.9,6.78,6.84,6.83,0.01,0.1464,179732.95,122833.463
000650.SZ,20231211,6.75,6.85,6.69,6.83,6.71,0.12,1.7884,292614.01,198533.43
000650.SZ,20231208,6.9,6.9,6.71,6.71,6.84,-0.13,-1.9006,291837.31,198416.895
000650.SZ,20231207,6.85,6.9,6.78,6.84,6.87,-0.03,-0.4367,195160.73,133289.598
000650.SZ,20231206,6.83,6.9,6.73,6.87,6.85,0.02,0.292,262528.3,179087.266
000650.SZ,20231205,7.01,7.03,6.84,6.85,7.04,-0.19,-2.6989,313033.58,216324.901
000650.SZ,20231204,6.97,7.14,6.89,7.04,6.94,0.1,1.4409,418269.17,294463.79
000650.SZ,20231201,6.99,7.02,6.9,6.94,6.98,-0.04,-0.5731,236061.05,164083.083
000650.SZ,20231130,6.98,7.01,6.91,6.98,6.97,0.01,0.1435,234796.39,163323.282
000650.SZ,20231129,7.04,7.08,6.97,6.97,7.07,-0.1,-1.4144,173748.45,121838.477
000650.SZ,20231128,6.98,7.09,6.89,7.07,7.0,0.07,1.0,294378.13,206164.073
000650.SZ,20231127,7.15,7.16,6.98,7.0,7.08,-0.08,-1.1299,312494.0,219687.416
000650.SZ,20231124,7.04,7.15,7.01,7.08,7.06,0.02,0.2833,376007.31,266211.822
000650.SZ,20231123,7.0,7.09,7.0,7.06,7.0,0.06,0.8571,214402.97,151172.093
000650.SZ,20231122,7.01,7.12,6.99,7.0,7.04,-0.04,-0.5682,232392.41,163698.22
000650.SZ,20231121,7.06,7.08,7.02,7.04,7.07,-0.03,-0.4243,223081.38,157209.635
000650.SZ,20231120,7.02,7.09,6.98,7.07,7.02,0.05,0.7123,280081.28,197275.759
000650.SZ,20231117,7.01,7.07,6.95,7.02,7.0,0.02,0.2857,308389.4,216221.859
000650.SZ,20231116,7.11,7.14,6.99,7.0,7.13,-0.13,-1.8233,302583.86,213346.775
000650.SZ,20231115,7.18,7.18,7.07,7.13,7.12,0.01,0.1404,203552.85,144743.299
000650.SZ,20231114,7.11,7.23,7.1,7.12,7.13,-0.01,-0.1403,231593.09,165672.68
000650.SZ,20231113,7.14,7.26,7.06,7.13,7.14,-0.01,-0.1401,260397.09,185066.352
000650.SZ,20231110,7.17,7.23,7.05,7.14,7.17,-0.03,-0.4184,324597.05,231579.797
000650.SZ,20231109,7.14,7.59,7.1,7.17,7.15,0.02,0.2797,765437.65,557019.761
000650.SZ,20231108,6.88,7.23,6.83,7.15,6.88,0.27,3.9244,654504.24,463405.857
000650.SZ,20231107,6.91,6.95,6.86,6.88,6.9,-0.02,-0.2899,196247.15,135314.363
000650.SZ,20231106,6.86,6.95,6.83,6.9,6.82,0.08,1.173,321081.0,221240.667
000650.SZ,20231103,6.84,6.96,6.8,6.82,6.85,-0.03,-0.438,253941.56,174571.085
000650.SZ,20231102,6.89,6.96,6.83,6.85,6.88,-0.03,-0.436,221703.45,152591.274
000650.SZ,20231101,6.95,6.96,6.81,6.88,6.91,-0.03,-0.4342,293645.16,201654.264
000650.SZ,20231031,7.02,7.06,6.88,6.91,7.03,-0.12,-1.707,424686.73,295510.484
000650.SZ,20231030,6.71,7.06,6.7,7.03,6.73,0.3,4.4577,904641.9,628299.847
000650.SZ,20231027,6.26,6.85,6.22,6.73,6.28,0.45,7.1656,702530.47,463188.567
000650.SZ,20231026,6.17,6.29,6.14,6.28,6.21,0.07,1.1272,251992.26,157027.603
000650.SZ,20231025,6.23,6.26,6.17,6.21,6.21,0.0,0.0,209856.01,130464.51
000650.SZ,20231024,6.1,6.31,6.08,6.21,6.09,0.12,1.9704,299330.77,184984.069
000650.SZ,20231023,6.11,6.17,6.03,6.09,6.11,-0.02,-0.3273,264165.29,161234.168
000650.SZ,20231020,6.16,6.2,6.07,6.11,6.15,-0.04,-0.6504,287175.01,176199.91
000650.SZ,20231019,6.38,6.4,6.14,6.15,6.36,-0.21,-3.3019,472149.61,294220.16
000650.SZ,20231018,6.81,6.81,6.33,6.36,6.81,-0.45,-6.6079,597578.49,391121.334
000650.SZ,20231017,6.88,6.92,6.75,6.81,6.9,-0.09,-1.3043,308882.43,210233.094
000650.SZ,20231016,7.06,7.15,6.88,6.9,7.03,-0.13,-1.8492,328323.75,228828.643
000650.SZ,20231013,7.02,7.1,6.99,7.03,7.04,-0.01,-0.142,279382.79,196960.846
000650.SZ,20231012,7.03,7.15,7.01,7.04,7.01,0.03,0.428,241356.0,170507.771
000650.SZ,20231011,6.98,7.11,6.98,7.01,6.98,0.03,0.4298,221492.77,156221.758
000650.SZ,20231010,7.06,7.19,6.96,6.98,7.04,-0.06,-0.8523,291008.0,204295.489
000650.SZ,20231009,7.13,7.14,6.98,7.04,7.15,-0.11,-1.5385,347550.97,244963.101
000650.SZ,20230928,7.16,7.22,7.1,7.15,7.13,0.02,0.2805,288120.94,206408.132
000650.SZ,20230927,7.11,7.18,7.06,7.13,7.08,0.05,0.7062,289510.01,206280.98
000650.SZ,20230926,7.12,7.15,7.07,7.08,7.13,-0.05,-0.7013,204533.08,145290.121
000650.SZ,20230925,6.93,7.18,6.91,7.13,6.93,0.2,2.886,519337.56,368295.754
000650.SZ,20230922,6.89,6.95,6.82,6.93,6.89,0.04,0.5806,253475.0,174303.746
000650.SZ,20230921,6.98,7.0,6.88,6.89,6.97,-0.08,-1.1478,255466.0,177178.084
000650.SZ,20230920,7.06,7.07,6.94,6.97,7.06,-0.09,-1.2748,271353.5,189772.99
000650.SZ,20230919,7.06,7.11,7.01,7.06,7.06,0.0,0.0,241611.01,170515.216
000650.SZ,20230918,7.09,7.13,6.97,7.06,7.07,-0.01,-0.1414,342350.39,241091.233
000650.SZ,20230915,7.0,7.13,6.94,7.07,6.98,0.09,1.2894,390608.83,275360.185
000650.SZ,20230914,6.95,7.0,6.9,6.98,6.94,0.04,0.5764,295599.25,205765.395
000650.SZ,20230913,7.08,7.09,6.91,6.94,7.09,-0.15,-2.1157,349999.64,243847.613
000650.SZ,20230912,7.11,7.2,7.04,7.09,7.15,-0.06,-0.8392,438900.1,311413.355
000650.SZ,20230911,6.72,7.26,6.68,7.15,6.72,0.43,6.3988,974009.01,688805.238
000650.SZ,20230908,6.56,6.74,6.55,6.72,6.57,0.15,2.2831,198620.07,132217.739
000650.SZ,20230907,6.74,6.74,6.55,6.57,6.74,-0.17,-2.5223,274474.68,182084.433
000650.SZ,20230906,6.73,6.79,6.68,6.74,6.75,-0.01,-0.1481,167500.99,112929.873
000650.SZ,20230905,6.86,6.91,6.73,6.75,6.86,-0.11,-1.6035,238642.03,162528.155
000650.SZ,20230904,6.85,6.9,6.81,6.86,6.82,0.04,0.5865,264942.0,181458.115
000650.SZ,20230901,6.87,6.88,6.76,6.82,6.87,-0.05,-0.7278,206161.82,140468.29
000650.SZ,20230831,6.78,6.89,6.74,6.87,6.8,0.07,1.0294,333102.62,227781.609
000650.SZ,20230830,6.82,6.88,6.76,6.8,6.84,-0.04,-0.5848,275387.08,187629.69
000650.SZ,20230829,6.61,6.85,6.59,6.84,6.61,0.23,3.4796,560332.41,380129.472
000650.SZ,20230828,6.91,7.0,6.52,6.61,6.64,-0.03,-0.4518,712267.68,483840.005
000650.SZ,20230825,6.66,6.76,6.61,6.64,6.71,-0.07,-1.0432,288692.4,192358.285
000650.SZ,20230824,6.62,6.73,6.5,6.71,6.69,0.02,0.299,396542.97,263111.357
000650.SZ,20230823,6.53,6.76,6.47,6.69,6.48,0.21,3.2407,465004.19,309568.569
000650.SZ,20230822,6.51,6.57,6.41,6.48,6.51,-0.03,-0.4608,193349.87,125313.921
000650.SZ,20230821,6.51,6.61,6.44,6.51,6.54,-0.03,-0.4587,203374.0,132825.579
000650.SZ,20230818,6.75,6.77,6.52,6.54,6.75,-0.21,-3.1111,348967.19,230956.029
000650.SZ,20230817,6.65,6.79,6.63,6.75,6.65,0.1,1.5038,328353.8,220327.261
000650.SZ,20230816,6.68,6.75,6.61,6.65,6.69,-0.04,-0.5979,271652.62,181970.78
000650.SZ,20230815,6.64,6.73,6.57,6.69,6.66,0.03,0.4505,297807.32,198323.354
000650.SZ,20230814,6.59,6.67,6.5,6.66,6.61,0.05,0.7564,294881.2,194215.108
000650.SZ,20230811,6.64,6.77,6.6,6.61,6.59,0.02,0.3035,462539.35,309440.749
000650.SZ,20230810,6.62,6.66,6.56,6.59,6.66,-0.07,-1.0511,191109.17,126033.965
000650.SZ,20230809,6.59,6.7,6.53,6.66,6.63,0.03,0.4525,383387.83,254226.422
000650.SZ,20230808,6.46,6.66,6.43,6.63,6.44,0.19,2.9503,456779.3,300425.433
000650.SZ,20230807,6.61,6.61,6.42,6.44,6.6,-0.16,-2.4242,285357.3,184489.004
000650.SZ,20230804,6.59,6.64,6.56,6.6,6.59,0.01,0.1517,199471.04,131659.091
000650.SZ,20230803,6.49,6.65,6.49,6.59,6.5,0.09,1.3846,256884.25,169036.6
000650.SZ,20230802,6.54,6.56,6.49,6.5,6.54,-0.04,-0.6116,171165.86,111549.666
000650.SZ,20230801,6.68,6.68,6.51,6.54,6.64,-0.1,-1.506,321831.84,211048.334
000650.SZ,20230731,6.73,6.81,6.62,6.64,6.75,-0.11,-1.6296,432222.93,289543.371
000650.SZ,20230728,6.72,6.77,6.66,6.75,6.72,0.03,0.4464,289990.87,195015.47
000650.SZ,20230727,6.8,6.83,6.7,6.72,6.8,-0.08,-1.1765,393436.5,265885.413
000650.SZ,20230726,6.77,6.9,6.75,6.8,6.8,0.0,0.0,408124.56,278416.572
000650.SZ,20230725,6.8,6.84,6.69,6.8,6.78,0.02,0.295,564121.83,381665.638
000650.SZ,20230724,6.5,6.91,6.45,6.78,6.44,0.34,5.2795,982092.39,658013.226
000650.SZ,20230721,6.55,6.56,6.43,6.44,6.57,-0.13,-1.9787,423096.71,273681.56
000650.SZ,20230720,6.42,6.68,6.42,6.57,6.26,0.31,4.9521,1117047.01,730250.169
000650.SZ,20230719,6.24,6.26,6.21,6.26,6.25,0.01,0.16,86508.75,53946.927
000650.SZ,20230718,6.23,6.26,6.19,6.25,6.23,0.02,0.321,117357.96,73136.521
000650.SZ,20230717,6.18,6.24,6.13,6.23,6.2,0.03,0.4839,144029.39,89333.811
000650.SZ,20230714,6.25,6.25,6.19,6.2,6.24,-0.04,-0.641,94165.78,58547.064
000650.SZ,20230713,6.22,6.24,6.2,6.24,6.2,0.04,0.6452,102871.88,64072.666
000650.SZ,20230712,6.3,6.3,6.19,6.2,6.25,-0.05,-0.8,106704.22,66604.967
000650.SZ,20230711,6.25,6.26,6.18,6.25,6.24,0.01,0.1603,150881.77,94002.262
000650.SZ,20230710,6.19,6.31,6.18,6.24,6.2,0.04,0.6452,150695.28,93974.266
000650.SZ,20230707,6.17,6.24,6.16,6.2,6.19,0.01,0.1616,97551.03,60470.805
000650.SZ,20230706,6.22,6.24,6.16,6.19,6.23,-0.04,-0.6421,146462.37,90820.528
000650.SZ,20230705,6.25,6.28,6.22,6.23,6.25,-0.02,-0.32,186915.11,116861.421
000650.SZ,20230704,6.21,6.27,6.19,6.25,6.24,0.01,0.1603,180704.14,112596.022
000650.SZ,20230703,6.14,6.25,6.14,6.24,6.14,0.1,1.6287,277478.08,172195.107
000650.SZ,20230630,6.06,6.16,6.04,6.14,6.06,0.08,1.3201,170020.34,104321.659
000650.SZ,20230629,6.03,6.08,6.02,6.06,6.02,0.04,0.6645,105616.12,63977.942
000650.SZ,20230628,6.04,6.05,5.97,6.02,6.03,-0.01,-0.1658,112792.14,67802.772
000650.SZ,20230627,5.93,6.05,5.93,6.03,5.93,0.1,1.6863,159287.95,95797.438
000650.SZ,20230626,6.01,6.01,5.92,5.93,6.02,-0.09,-1.495,178461.52,106006.364
000650.SZ,20230621,6.06,6.1,6.02,6.02,6.06,-0.04,-0.6601,132888.77,80329.836
000650.SZ,20230620,6.16,6.16,6.06,6.06,6.14,-0.08,-1.3029,192303.74,117366.959
000650.SZ,20230619,6.21,6.21,6.13,6.14,6.21,-0.07,-1.1272,196690.0,121231.032
000650.SZ,20230616,6.2,6.25,6.17,6.21,6.19,0.02,0.3231,223324.58,138422.49
000650.SZ,20230615,6.16,6.2,6.13,6.19,6.17,0.02,0.3241,155036.4,95503.552
000650.SZ,20230614,6.13,6.19,6.12,6.17,6.15,0.02,0.3252,201191.84,123954.814
000650.SZ,20230613,6.14,6.18,6.12,6.15,6.15,0.0,0.0,150701.97,92552.38
000650.SZ,20230612,6.18,6.2,6.12,6.15,6.19,-0.04,-0.6462,191119.3,117525.638
000650.SZ,20230609,6.2,6.25,6.15,6.19,6.19,0.0,0.0,207128.43,128296.502
000650.SZ,20230608,6.3,6.3,6.16,6.19,6.26,-0.07,-1.1182,228699.58,142038.438
000650.SZ,20230607,6.42,6.55,6.4,6.46,6.44,0.02,0.3106,234474.54,151783.563
000650.SZ,20230606,6.6,6.6,6.42,6.44,6.62,-0.18,-2.719,287880.41,187123.186
000650.SZ,20230605,6.55,6.64,6.51,6.62,6.54,0.08,1.2232,267043.61,175349.799
000650.SZ,20230602,6.58,6.61,6.53,6.54,6.56,-0.02,-0.3049,229739.92,150798.337
000650.SZ,20230601,6.7,6.7,6.55,6.56,6.66,-0.1,-1.5015,335709.23,222414.952
000650.SZ,20230531,6.63,6.74,6.61,6.66,6.63,0.03,0.4525,329738.5,220311.981
000650.SZ,20230530,6.67,6.69,6.55,6.63,6.68,-0.05,-0.7485,292276.51,193140.377
000650.SZ,20230529,6.69,6.79,6.63,6.68,6.66,0.02,0.3003,409247.94,274155.279
000650.SZ,20230526,6.41,6.74,6.39,6.66,6.42,0.24,3.7383,494332.43,325847.573
000650.SZ,20230525,6.49,6.53,6.34,6.42,6.49,-0.07,-1.0786,313436.73,201574.593
000650.SZ,20230524,6.6,6.62,6.46,6.49,6.65,-0.16,-2.406,386727.63,252322.695
000650.SZ,20230523,6.62,6.73,6.6,6.65,6.62,0.03,0.4532,437121.88,292104.357
000650.SZ,20230522,6.61,6.71,6.57,6.62,6.6,0.02,0.303,322519.79,213752.181
000650.SZ,20230519,6.51,6.63,6.46,6.6,6.51,0.09,1.3825,358478.11,235741.392
000650.SZ,20230518,6.5,6.63,6.48,6.51,6.5,0.01,0.1538,242504.57,158639.677
000650.SZ,20230517,6.53,6.56,6.42,6.5,6.57,-0.07,-1.0654,224776.11,145502.869
000650.SZ,20230516,6.51,6.6,6.45,6.57,6.53,0.04,0.6126,319453.4,208848.809
000650.SZ,20230515,6.51,6.59,6.37,6.53,6.53,0.0,0.0,279625.14,181028.484
000650.SZ,20230512,6.49,6.62,6.46,6.53,6.49,0.04,0.6163,338387.93,222111.762
000650.SZ,20230511,6.51,6.55,6.44,6.49,6.5,-0.01,-0.1538,252270.32,163720.902
000650.SZ,20230510,6.56,6.58,6.47,6.5,6.56,-0.06,-0.9146,248053.15,161477.241
000650.SZ,20230509,6.69,6.69,6.53,6.56,6.69,-0.13,-1.9432,363060.54,239439.034
000650.SZ,20230508,6.69,6.8,6.62,6.69,6.69,0.0,0.0,390312.0,261047.592
000650.SZ,20230505,6.74,6.79,6.58,6.69,6.74,-0.05,-0.7418,433901.37,289122.122
000650.SZ,20230504,6.55,6.79,6.54,6.74,6.59,0.15,2.2762,674694.09,452069.682
000650.SZ,20230428,6.52,6.65,6.41,6.59,6.49,0.1,1.5408,600966.22,393074.736
000650.SZ,20230427,6.27,6.55,6.24,6.49,6.22,0.27,4.3408,554422.97,357102.016
000650.SZ,20230426,6.1,6.3,6.06,6.22,6.12,0.1,1.634,327213.91,203003.191
000650.SZ,20230425,6.49,6.51,6.05,6.12,6.48,-0.36,-5.5556,630752.13,391182.193
000650.SZ,20230424,6.47,6.57,6.44,6.48,6.43,0.05,0.7776,467189.74,303648.81
000650.SZ,20230421,6.38,6.53,6.36,6.43,6.39,0.04,0.626,387252.12,250550.346
000650.SZ,20230420,6.42,6.45,6.35,6.39,6.44,-0.05,-0.7764,210196.0,134320.482
000650.SZ,20230419,6.5,6.55,6.42,6.44,6.5,-0.06,-0.9231,230382.99,149369.352
000650.SZ,20230418,6.52,6.54,6.47,6.5,6.52,-0.02,-0.3067,187397.1,121854.178
000650.SZ,20230417,6.48,6.54,6.43,6.52,6.49,0.03,0.4622,249094.88,161737.153
000650.SZ,20230414,6.48,6.55,6.44,6.49,6.49,0.0,0.0,202253.02,131166.353
000650.SZ,20230413,6.43,6.51,6.38,6.49,6.45,0.04,0.6202,256758.74,166000.394
000650.SZ,20230412,6.46,6.56,6.41,6.45,6.46,-0.01,-0.1548,298752.57,193513.171
000650.SZ,20230411,6.44,6.47,6.39,6.46,6.43,0.03,0.4666,174761.42,112344.674
000650.SZ,20230410,6.52,6.52,6.4,6.43,6.52,-0.09,-1.3804,262629.05,169115.666
000650.SZ,20230407,6.46,6.55,6.45,6.52,6.48,0.04,0.6173,270722.76,176440.414
000650.SZ,20230406,6.45,6.53,6.45,6.48,6.45,0.03,0.4651,320874.17,208121.296
000650.SZ,20230404,6.34,6.46,6.33,6.45,6.34,0.11,1.735,398367.28,255589.367
000650.SZ,20230403,6.31,6.37,6.31,6.34,6.33,0.01,0.158,219600.52,139216.729
000650.SZ,20230331,6.25,6.36,6.23,6.33,6.25,0.08,1.28,214685.11,135456.808
000650.SZ,20230330,6.27,6.29,6.21,6.25,6.28,-0.03,-0.4777,165151.1,103031.088
000650.SZ,20230329,6.33,6.35,6.26,6.28,6.33,-0.05,-0.7899,176123.46,110911.962
000650.SZ,20230328,6.31,6.37,6.26,6.33,6.29,0.04,0.6359,191365.0,121052.181
000650.SZ,20230327,6.29,6.3,6.24,6.29,6.31,-0.02,-0.317,176706.94,110797.992
000650.SZ,20230324,6.38,6.41,6.29,6.31,6.35,-0.04,-0.6299,254830.79,161340.474
000650.SZ,20230323,6.34,6.39,6.31,6.35,6.36,-0.01,-0.1572,189857.8,120409.356
000650.SZ,20230322,6.37,6.4,6.33,6.36,6.35,0.01,0.1575,181676.0,115616.799
000650.SZ,20230321,6.33,6.38,6.33,6.35,6.33,0.02,0.316,192553.6,122288.36
000650.SZ,20230320,6.45,6.46,6.32,6.33,6.48,-0.15,-2.3148,328220.56,208651.366
000650.SZ,20230317,6.57,6.58,6.42,6.48,6.52,-0.04,-0.6135,333735.87,216669.27
000650.SZ,20230316,6.42,6.6,6.37,6.52,6.44,0.08,1.2422,541491.87,353413.5
000650.SZ,20230315,6.3,6.5,6.29,6.44,6.27,0.17,2.7113,385387.81,247856.13
000650.SZ,20230314,6.37,6.42,6.23,6.27,6.39,-0.12,-1.8779,235134.16,148129.063
000650.SZ,20230313,6.31,6.42,6.28,6.39,6.35,0.04,0.6299,185826.13,118145.704
000650.SZ,20230310,6.43,6.43,6.34,6.35,6.47,-0.12,-1.8547,239490.26,152565.758
000650.SZ,20230309,6.46,6.53,6.43,6.47,6.46,0.01,0.1548,173027.87,112052.804
000650.SZ,20230308,6.45,6.48,6.41,6.46,6.46,0.0,0.0,180928.57,116540.523
000650.SZ,20230307,6.59,6.63,6.45,6.46,6.61,-0.15,-2.2693,351249.83,229587.829
000650.SZ,20230306,6.61,6.66,6.57,6.61,6.57,0.04,0.6088,319399.69,211355.976
000650.SZ,20230303,6.58,6.62,6.54,6.57,6.59,-0.02,-0.3035,251542.93,165238.671
000650.SZ,20230302,6.64,6.64,6.57,6.59,6.67,-0.08,-1.1994,365959.07,241618.106
000650.SZ,20230301,6.72,6.74,6.61,6.67,6.66,0.01,0.1502,480573.1,319936.409
000650.SZ,20230228,6.48,6.66,6.48,6.66,6.48,0.18,2.7778,599220.25,395853.302
000650.SZ,20230227,6.5,6.55,6.45,6.48,6.5,-0.02,-0.3077,192426.36,124965.171
000650.SZ,20230224,6.51,6.53,6.46,6.5,6.54,-0.04,-0.6116,203107.37,131960.363
000650.SZ,20230223,6.6,6.61,6.48,6.54,6.62,-0.08,-1.2085,398314.4,260525.432
000650.SZ,20230222,6.6,6.68,6.57,6.62,6.64,-0.02,-0.3012,317125.66,210290.02
000650.SZ,20230221,6.62,6.66,6.57,6.64,6.66,-0.02,-0.3003,444114.4,293635.228
000650.SZ,20230220,6.72,6.72,6.52,6.66,6.73,-0.07,-1.0401,678106.43,447385.194
000650.SZ,20230217,6.42,6.76,6.4,6.73,6.46,0.27,4.1796,1232090.74,815902.765
000650.SZ,20230216,6.39,6.55,6.36,6.46,6.4,0.06,0.9375,778600.1,504577.793
000650.SZ,20230215,6.43,6.47,6.38,6.4,6.43,-0.03,-0.4666,319471.34,204969.497
000650.SZ,20230214,6.36,6.43,6.34,6.43,6.35,0.08,1.2598,390250.73,249294.556
000650.SZ,20230213,6.32,6.38,6.3,6.35,6.32,0.03,0.4747,284471.81,180490.067
000650.SZ,20230210,6.35,6.36,6.29,6.32,6.35,-0.03,-0.4724,239621.19,151510.195
000650.SZ,20230209,6.31,6.36,6.27,6.35,6.32,0.03,0.4747,283115.9,178805.65
000650.SZ,20230208,6.35,6.36,6.31,6.32,6.34,-0.02,-0.3155,223318.44,141385.149
000650.SZ,20230207,6.36,6.38,6.31,6.34,6.36,-0.02,-0.3145,259232.04,164177.003
000650.SZ,20230206,6.37,6.41,6.33,6.36,6.4,-0.04,-0.625,223708.84,142341.951
000650.SZ,20230203,6.51,6.52,6.35,6.4,6.5,-0.1,-1.5385,396953.1,255000.206
000650.SZ,20230202,6.46,6.51,6.42,6.5,6.46,0.04,0.6192,387071.26,250308.653
000650.SZ,20230201,6.42,6.47,6.37,6.46,6.41,0.05,0.78,344359.24,221163.006
000650.SZ,20230131,6.37,6.42,6.32,6.41,6.4,0.01,0.1563,256043.86,163397.9
000650.SZ,20230130,6.46,6.49,6.39,6.4,6.43,-0.03,-0.4666,367417.08,236132.439
000650.SZ,20230120,6.37,6.44,6.37,6.43,6.37,0.06,0.9419,239561.67,153821.218
000650.SZ,20230119,6.32,6.41,6.32,6.37,6.36,0.01,0.1572,258827.92,165135.633
000650.SZ,20230118,6.34,6.36,6.31,6.36,6.36,0.0,0.0,174629.88,110684.925
000650.SZ,20230117,6.31,6.39,6.24,6.36,6.3,0.06,0.9524,406400.17,256890.816
000650.SZ,20230116,6.24,6.34,6.24,6.3,6.24,0.06,0.9615,303130.19,191030.503
000650.SZ,20230113,6.17,6.25,6.16,6.24,6.17,0.07,1.1345,233578.71,145070.395
000650.SZ,20230112,6.23,6.27,6.16,6.17,6.24,-0.07,-1.1218,277186.2,171788.63
000650.SZ,20230111,6.22,6.29,6.18,6.24,6.22,0.02,0.3215,284023.93,177167.625
000650.SZ,20230110,6.29,6.3,6.21,6.22,6.29,-0.07,-1.1129,303957.75,189357.67
000650.SZ,20230109,6.31,6.34,6.27,6.29,6.29,0.0,0.0,302020.9,190323.333
000650.SZ,20230106,6.4,6.4,6.26,6.29,6.4,-0.11,-1.7188,438127.09,277107.195
000650.SZ,20230105,6.37,6.43,6.28,6.4,6.41,-0.01,-0.156,419929.45,267671.058
000650.SZ,20230104,6.39,6.44,6.32,6.41,6.48,-0.07,-1.0802,638118.38,406188.492
000650.SZ,20230103,6.31,6.53,6.29,6.48,6.19,0.29,4.685,773458.03,496806.351
000650.SZ,20221230,6.3,6.31,6.19,6.19,6.3,-0.11,-1.746,401075.4,249880.397
000650.SZ,20221229,6.25,6.36,6.21,6.3,6.24,0.06,0.9615,557533.45,351396.479
000650.SZ,20221228,6.31,6.34,6.21,6.24,6.33,-0.09,-1.4218,464250.55,290823.827
000650.SZ,20221227,6.63,6.63,6.18,6.33,6.63,-0.3,-4.5249,823987.43,520895.504
000650.SZ,20221226,6.73,6.78,6.58,6.63,6.67,-0.04,-0.5997,471248.43,313777.311
000650.SZ,20221223,6.71,6.8,6.63,6.67,6.73,-0.06,-0.8915,430645.4,289064.678
000650.SZ,20221222,6.95,6.96,6.67,6.73,6.88,-0.15,-2.1802,574687.53,390712.544
000650.SZ,20221221,7.01,7.1,6.79,6.88,6.98,-0.1,-1.4327,663654.02,459157.677
000650.SZ,20221220,7.13,7.28,6.93,6.98,7.19,-0.21,-2.9207,805404.22,565759.95
000650.SZ,20221219,7.96,7.96,7.15,7.19,7.94,-0.75,-9.4458,1429978.33,1054851.854
000650.SZ,20221216,7.7,8.06,7.68,7.94,7.75,0.19,2.4516,1000110.32,792962.494
000650.SZ,20221215,7.71,7.86,7.65,7.75,7.76,-0.01,-0.1289,766441.91,594910.756
000650.SZ,20221214,8.14,8.15,7.7,7.76,8.37,-0.61,-7.2879,1322222.92,1039032.48
000650.SZ,20221213,8.41,8.46,8.01,8.37,8.4,-0.03,-0.3571,1581242.41,1299138.488
000650.SZ,20221212,8.03,8.49,7.86,8.4,7.83,0.57,7.2797,2084762.71,1713005.022
000650.SZ,20221209,7.77,8.1,7.7,7.83,7.7,0.13,1.6883,1809473.06,1432010.492
000650.SZ,20221208,7.85,8.29,7.48,7.7,7.72,-0.02,-0.2591,2674662.11,2083133.245
000650.SZ,20221207,7.17,7.72,7.03,7.72,7.02,0.7,9.9715,2112563.42,1579358.398
000650.SZ,20221206,7.16,7.35,6.94,7.02,7.16,-0.14,-1.9553,1028928.49,736709.249
000650.SZ,20221205,7.08,7.26,7.01,7.16,6.9,0.26,3.7681,1211547.78,865768.822
000650.SZ,20221202,6.66,6.99,6.65,6.9,6.72,0.18,2.6786,1003056.86,689279.079
000650.SZ,20221201,6.87,6.9,6.59,6.72,6.73,-0.01,-0.1486,902483.17,606592.87
000650.SZ,20221130,6.74,6.89,6.65,6.73,6.8,-0.07,-1.0294,631762.01,427288.14
000650.SZ,20221129,6.61,6.91,6.6,6.8,6.67,0.13,1.949,927259.15,630772.44
000650.SZ,20221128,6.55,6.8,6.53,6.67,6.61,0.06,0.9077,685259.45,457998.556
000650.SZ,20221125,6.61,6.69,6.4,6.61,6.69,-0.08,-1.1958,685106.51,450066.548
000650.SZ,20221124,6.58,6.73,6.53,6.69,6.57,0.12,1.8265,743399.17,494607.905
000650.SZ,20221123,6.79,6.87,6.45,6.57,6.89,-0.32,-4.6444,980035.51,644374.101
000650.SZ,20221122,7.18,7.35,6.76,6.89,7.24,-0.35,-4.8343,1131699.55,792977.977
000650.SZ,20221121,7.15,7.4,7.0,7.24,7.26,-0.02,-0.2755,1044101.32,752386.471
000650.SZ,20221118,6.96,7.45,6.91,7.26,7.0,0.26,3.7143,1654599.06,1190966.305
000650.SZ,20221117,6.86,7.15,6.86,7.0,6.89,0.11,1.5965,1076897.78,756687.705
000650.SZ,20221116,7.25,7.27,6.86,6.89,7.24,-0.35,-4.8343,1145949.37,802167.548
000650.SZ,20221115,7.27,7.31,7.0,7.24,7.28,-0.04,-0.5495,1684303.1,1205872.604
000650.SZ,20221114,6.62,7.28,6.53,7.28,6.62,0.66,9.9698,2413163.12,1705892.69
000650.SZ,20221111,6.81,7.14,6.5,6.62,6.64,-0.02,-0.3012,1689725.79,1148855.837
000650.SZ,20221110,6.5,6.93,6.4,6.64,6.51,0.13,1.9969,1196285.05,801577.627
000650.SZ,20221109,6.31,6.54,6.27,6.51,6.31,0.2,3.1696,849014.78,547244.679
000650.SZ,20221108,6.17,6.35,6.08,6.31,6.17,0.14,2.269,640756.23,400141.582
000650.SZ,20221107,6.19,6.22,6.1,6.17,6.2,-0.03,-0.4839,407407.11,250848.523
000650.SZ,20221104,6.18,6.24,6.13,6.2,6.18,0.02,0.3236,548716.68,338942.489
000650.SZ,20221103,6.17,6.25,6.1,6.18,6.24,-0.06,-0.9615,548978.4,338465.502
000650.SZ,20221102,6.27,6.57,6.21,6.24,6.36,-0.12,-1.8868,1038771.38,663184.48
000650.SZ,20221101,6.35,6.5,6.21,6.36,6.33,0.03,0.4739,852997.18,539091.648
000650.SZ,20221031,6.04,6.34,5.97,6.33,6.06,0.27,4.4554,957658.4,593019.616
000650.SZ,20221028,6.13,6.25,6.01,6.06,6.27,-0.21,-3.3493,797322.99,488480.365
000650.SZ,20221027,5.95,6.35,5.89,6.27,5.9,0.37,6.2712,1327073.94,814657.836
000650.SZ,20221026,5.55,6.06,5.54,5.9,5.51,0.39,7.078,845265.65,502875.857
000650.SZ,20221025,5.68,5.71,5.49,5.51,5.67,-0.16,-2.8219,206365.18,114459.999
000650.SZ,20221024,5.83,5.91,5.65,5.67,5.85,-0.18,-3.0769,198449.97,114430.494
000650.SZ,20221021,5.83,5.88,5.76,5.85,5.83,0.02,0.3431,158016.09,91997.623
000650.SZ,20221020,5.82,5.92,5.78,5.83,5.85,-0.02,-0.3419,174372.75,102204.764
000650.SZ,20221019,5.97,5.97,5.82,5.85,6.01,-0.16,-2.6622,244219.49,143772.31
000650.SZ,20221018,5.88,6.03,5.8,6.01,5.87,0.14,2.385,358480.81,213645.38
000650.SZ,20221017,5.81,5.93,5.78,5.87,5.83,0.04,0.6861,228156.29,134227.397
000650.SZ,20221014,5.65,5.88,5.65,5.83,5.64,0.19,3.3688,272219.04,158104.974
000650.SZ,20221013,5.48,5.67,5.45,5.64,5.51,0.13,2.3593,160213.34,89687.218
000650.SZ,20221012,5.44,5.52,5.33,5.51,5.44,0.07,1.2868,115457.54,62375.255
000650.SZ,20221011,5.49,5.49,5.33,5.44,5.5,-0.06,-1.0909,108858.39,58758.655
000650.SZ,20221010,5.58,5.65,5.48,5.5,5.57,-0.07,-1.2567,124270.45,69327.215
000650.SZ,20220930,5.49,5.62,5.49,5.57,5.5,0.07,1.2727,140059.81,77979.945
000650.SZ,20220929,5.5,5.61,5.47,5.5,5.48,0.02,0.365,92007.27,51053.67
000650.SZ,20220928,5.52,5.6,5.45,5.48,5.55,-0.07,-1.2613,99202.8,54769.694
000650.SZ,20220927,5.38,5.55,5.37,5.55,5.38,0.17,3.1599,96421.05,52677.777
000650.SZ,20220926,5.5,5.5,5.37,5.38,5.53,-0.15,-2.7125,80686.57,43864.101
000650.SZ,20220923,5.55,5.58,5.48,5.53,5.54,-0.01,-0.1805,79245.11,43774.093
000650.SZ,20220922,5.54,5.6,5.53,5.54,5.59,-0.05,-0.8945,61718.2,34341.465
000650.SZ,20220921,5.54,5.6,5.49,5.59,5.54,0.05,0.9025,70587.19,39089.035
000650.SZ,20220920,5.55,5.59,5.52,5.54,5.51,0.03,0.5445,69845.94,38790.923
000650.SZ,20220919,5.64,5.66,5.48,5.51,5.66,-0.15,-2.6502,145136.86,80820.784
000650.SZ,20220916,5.81,5.84,5.65,5.66,5.83,-0.17,-2.916,209015.43,119448.003
000650.SZ,20220915,5.91,5.94,5.79,5.83,5.9,-0.07,-1.1864,154207.45,90426.459
000650.SZ,20220914,5.91,5.92,5.84,5.9,5.97,-0.07,-1.1725,127000.67,74748.467
000650.SZ,20220913,5.9,6.02,5.88,5.97,5.88,0.09,1.5306,230492.52,137520.164
000650.SZ,20220909,5.84,5.89,5.83,5.88,5.82,0.06,1.0309,101331.5,59414.318
000650.SZ,20220908,5.86,5.88,5.82,5.82,5.85,-0.03,-0.5128,70036.5,40860.364
000650.SZ,20220907,5.89,5.91,5.83,5.85,5.89,-0.04,-0.6791,83993.0,49139.707
000650.SZ,20220906,5.82,5.89,5.8,5.89,5.82,0.07,1.2027,117473.0,68819.603
000650.SZ,20220905,5.9,5.92,5.78,5.82,5.89,-0.07,-1.1885,148052.5,86260.697
000650.SZ,20220902,5.87,5.94,5.83,5.89,5.86,0.03,0.5119,119360.02,70118.001
000650.SZ,20220901,5.87,5.92,5.84,5.86,5.87,-0.01,-0.1704,97704.0,57490.19
000650.SZ,20220831,5.92,5.92,5.83,5.87,5.9,-0.03,-0.5085,96044.37,56398.058
000650.SZ,20220830,5.87,5.94,5.85,5.9,5.87,0.03,0.5111,108087.53,63611.985
000650.SZ,20220829,5.8,5.88,5.7,5.87,5.86,0.01,0.1706,113421.12,65856.3
000650.SZ,20220826,5.85,5.94,5.81,5.86,5.85,0.01,0.1709,123859.65,72711.494
000650.SZ,20220825,5.9,5.91,5.8,5.85,5.9,-0.05,-0.8475,160606.12,93755.035
000650.SZ,20220824,5.98,6.03,5.88,5.9,5.98,-0.08,-1.3378,135046.34,80294.593
000650.SZ,20220823,6.01,6.03,5.96,5.98,6.04,-0.06,-0.9934,93383.05,55925.524
000650.SZ,20220822,5.95,6.04,5.85,6.04,5.97,0.07,1.1725,135506.15,81179.626
000650.SZ,20220819,6.0,6.03,5.96,5.97,6.01,-0.04,-0.6656,84596.85,50710.884
000650.SZ,20220818,6.06,6.07,5.99,6.01,6.05,-0.04,-0.6612,98081.27,58944.994
000650.SZ,20220817,6.04,6.07,6.02,6.05,6.02,0.03,0.4983,116592.84,70474.313
000650.SZ,20220816,6.04,6.06,6.0,6.02,6.04,-0.02,-0.3311,91449.5,55115.626
000650.SZ,20220815,6.08,6.08,5.97,6.04,6.07,-0.03,-0.4942,112386.43,67667.496
000650.SZ,20220812,6.01,6.1,5.95,6.07,5.99,0.08,1.3356,157805.74,95531.685
000650.SZ,20220811,5.83,6.0,5.82,5.99,5.82,0.17,2.921,180020.76,107096.11
000650.SZ,20220810,5.88,5.88,5.8,5.82,5.89,-0.07,-1.1885,80904.0,47175.089
000650.SZ,20220809,5.94,5.94,5.86,5.89,5.95,-0.06,-1.0084,85753.53,50462.874
000650.SZ,20220808,5.9,5.98,5.88,5.95,5.89,0.06,1.0187,110486.91,65630.804
000650.SZ,20220805,5.81,5.91,5.79,5.89,5.82,0.07,1.2027,109663.81,64151.72
000650.SZ,20220804,5.8,5.84,5.72,5.82,5.77,0.05,0.8666,95198.02,55141.396
000650.SZ,20220803,5.73,5.88,5.72,5.77,5.74,0.03,0.5226,166192.05,96457.404
000650.SZ,20220802,5.95,5.95,5.66,5.74,5.98,-0.24,-4.0134,266821.4,153222.829
000650.SZ,20220801,6.03,6.04,5.97,5.98,6.04,-0.06,-0.9934,144535.24,86542.95
000650.SZ,20220729,6.1,6.12,6.03,6.04,6.1,-0.06,-0.9836,146601.3,88922.835
000650.SZ,20220728,6.16,6.16,6.09,6.1,6.13,-0.03,-0.4894,141775.13,86788.36
000650.SZ,20220727,6.08,6.15,6.08,6.13,6.12,0.01,0.1634,95893.85,58643.786
000650.SZ,20220726,6.11,6.13,6.04,6.12,6.1,0.02,0.3279,109718.44,66792.572
000650.SZ,20220725,6.09,6.16,6.08,6.1,6.13,-0.03,-0.4894,130830.0,80013.921
000650.SZ,20220722,6.16,6.2,6.06,6.13,6.16,-0.03,-0.487,137086.77,84130.118
000650.SZ,20220721,6.15,6.2,6.11,6.16,6.16,0.0,0.0,174604.01,107559.52
000650.SZ,20220720,6.13,6.18,6.1,6.16,6.1,0.06,0.9836,157113.0,96655.55
000650.SZ,20220719,6.07,6.11,6.03,6.1,6.06,0.04,0.6601,115950.95,70380.353
000650.SZ,20220718,5.95,6.07,5.94,6.06,5.94,0.12,2.0202,147271.06,88439.258
000650.SZ,20220715,6.14,6.14,5.92,5.94,6.12,-0.18,-2.9412,237676.68,142977.362
000650.SZ,20220714,6.15,6.19,6.1,6.12,6.16,-0.04,-0.6494,172301.25,106013.408
000650.SZ,20220713,6.14,6.18,6.1,6.16,6.14,0.02,0.3257,131907.0,80997.608
000650.SZ,20220712,6.32,6.33,6.13,6.14,6.33,-0.19,-3.0016,270276.9,167524.048
000650.SZ,20220711,6.28,6.38,6.27,6.33,6.29,0.04,0.6359,276278.92,174808.751
000650.SZ,20220708,6.26,6.35,6.24,6.29,6.24,0.05,0.8013,191801.83,120741.518
000650.SZ,20220707,6.27,6.28,6.21,6.24,6.27,-0.03,-0.4785,210331.83,131163.903
000650.SZ,20220706,6.36,6.39,6.21,6.27,6.39,-0.12,-1.8779,292387.75,183891.96
000650.SZ,20220705,6.45,6.51,6.33,6.39,6.48,-0.09,-1.3889,349673.35,224077.997
000650.SZ,20220704,6.54,6.63,6.45,6.48,6.5,-0.02,-0.3077,542088.04,353981.089
000650.SZ,20220701,6.4,6.56,6.35,6.5,6.38,0.12,1.8809,488908.35,316306.631
000650.SZ,20220630,6.28,6.38,6.24,6.38,6.26,0.12,1.9169,390620.45,247314.59
000650.SZ,20220629,6.29,6.34,6.25,6.26,6.29,-0.03,-0.4769,348933.52,219737.025
000650.SZ,20220628,6.23,6.29,6.17,6.29,6.24,0.05,0.8013,256004.7,159863.083
000650.SZ,20220627,6.3,6.43,6.21,6.24,6.23,0.01,0.1605,383167.35,241423.662
000650.SZ,20220624,6.22,6.28,6.2,6.23,6.21,0.02,0.3221,208812.4,130244.938
000650.SZ,20220623,6.16,6.22,6.11,6.21,6.16,0.05,0.8117,203670.79,125538.463
000650.SZ,20220622,6.22,6.3,6.16,6.16,6.23,-0.07,-1.1236,288803.97,179784.314
000650.SZ,20220621,6.29,6.33,6.17,6.23,6.3,-0.07,-1.1111,245706.03,153446.954
000650.SZ,20220620,6.19,6.34,6.17,6.3,6.19,0.11,1.7771,366725.9,229113.786
000650.SZ,20220617,6.16,6.21,6.1,6.19,6.22,-0.03,-0.4823,313874.6,193372.129
000650.SZ,20220616,6.17,6.29,6.17,6.22,6.17,0.05,0.8104,304985.33,189937.547
000650.SZ,20220615,6.21,6.25,6.15,6.17,6.2,-0.03,-0.4839,333757.26,207018.543
000650.SZ,20220614,6.2,6.23,6.05,6.2,6.28,-0.08,-1.2739,270225.98,166251.012
000650.SZ,20220613,6.15,6.32,6.12,6.28,6.2,0.08,1.2903,341109.05,212561.538
000650.SZ,20220610,6.1,6.2,6.04,6.2,6.13,0.07,1.1419,200871.21,123829.461
000650.SZ,20220609,6.28,6.28,6.06,6.13,6.3,-0.17,-2.6984,331212.0,203705.163
000650.SZ,20220608,6.44,6.44,6.22,6.3,6.56,-0.26,-3.9634,579304.42,365644.865
000650.SZ,20220607,6.05,6.56,6.03,6.56,6.05,0.51,8.4298,642156.45,404208.219
000650.SZ,20220606,5.93,6.05,5.9,6.05,5.93,0.12,2.0236,217937.42,130795.124
000650.SZ,20220602,5.89,5.95,5.83,5.93,5.92,0.01,0.1689,130919.69,77167.665
000650.SZ,20220601,5.9,5.97,5.88,5.92,5.93,-0.01,-0.1686,150315.71,89077.618
000650.SZ,20220531,5.87,5.96,5.79,5.93,5.87,0.06,1.0221,186595.93,109492.273
000650.SZ,20220530,5.89,5.91,5.82,5.87,5.88,-0.01,-0.1701,161825.15,94899.239
000650.SZ,20220527,5.95,5.95,5.83,5.88,5.94,-0.06,-1.0101,236678.55,139375.358
000650.SZ,20220526,5.89,6.04,5.81,6.04,5.87,0.17,2.8961,275364.46,164504.239
000650.SZ,20220525,5.82,5.87,5.76,5.87,5.82,0.05,0.8591,139385.4,81312.444
000650.SZ,20220524,6.13,6.14,5.8,5.82,6.13,-0.31,-5.0571,284441.73,169336.637
000650.SZ,20220523,6.06,6.14,6.04,6.13,6.06,0.07,1.1551,183802.0,112057.941
000650.SZ,20220520,6.05,6.09,5.99,6.06,6.0,0.06,1.0,183522.21,110951.603
000650.SZ,20220519,5.89,6.01,5.85,6.0,6.02,-0.02,-0.3322,176746.84,104816.82
000650.SZ,20220518,6.08,6.12,6.0,6.02,6.08,-0.06,-0.9868,158705.28,96091.547
000650.SZ,20220517,6.18,6.2,5.96,6.08,6.21,-0.13,-2.0934,228487.2,138231.735
000650.SZ,20220516,6.29,6.34,6.17,6.21,6.21,0.0,0.0,216843.33,135551.579
000650.SZ,20220513,6.19,6.31,6.12,6.21,6.15,0.06,0.9756,234086.89,145209.048
000650.SZ,20220512,6.01,6.19,5.95,6.15,6.1,0.05,0.8197,234167.83,143129.707
000650.SZ,20220511,6.19,6.33,6.09,6.1,6.18,-0.08,-1.2945,296316.95,184436.956
000650.SZ,20220510,6.12,6.21,6.05,6.18,6.17,0.01,0.1621,216482.92,133037.763
000650.SZ,20220509,6.19,6.19,6.1,6.17,6.15,0.02,0.3252,193827.06,119282.749
000650.SZ,20220506,6.02,6.21,5.98,6.15,6.15,0.0,0.0,216403.06,132400.402
000650.SZ,20220505,6.1,6.21,6.07,6.15,6.06,0.09,1.4851,242421.04,148963.169
000650.SZ,20220429,5.98,6.08,5.87,6.06,5.86,0.2,3.413,299870.87,179570.254
000650.SZ,20220428,5.78,5.94,5.7,5.86,5.78,0.08,1.3841,276779.62,161411.08
000650.SZ,20220427,5.52,5.8,5.41,5.78,5.62,0.16,2.847,270141.94,152114.46
000650.SZ,20220426,5.84,5.92,5.6,5.62,5.83,-0.21,-3.6021,269028.49,154329.791
000650.SZ,20220425,6.17,6.23,5.81,5.83,6.24,-0.41,-6.5705,207694.93,125048.727
000650.SZ,20220422,6.15,6.29,6.06,6.24,6.21,0.03,0.4831,153723.44,94920.685
000650.SZ,20220421,6.5,6.56,6.17,6.21,6.53,-0.32,-4.9005,221476.62,140621.586
000650.SZ,20220420,6.78,6.78,6.5,6.53,6.74,-0.21,-3.1157,224058.88,148090.852
000650.SZ,20220419,6.71,6.77,6.66,6.74,6.69,0.05,0.7474,122428.55,82313.665
000650.SZ,20220418,6.68,6.72,6.54,6.69,6.73,-0.04,-0.5944,133725.94,88666.056
000650.SZ,20220415,6.9,6.91,6.71,6.73,6.93,-0.2,-2.886,253548.96,171897.187
000650.SZ,20220414,6.96,7.06,6.9,6.93,6.93,0.0,0.0,230583.24,160397.497
000650.SZ,20220413,7.12,7.12,6.91,6.93,7.11,-0.18,-2.5316,177546.66,123661.286
000650.SZ,20220412,7.07,7.12,6.91,7.11,7.08,0.03,0.4237,209194.45,147101.125
000650.SZ,20220411,7.27,7.36,7.01,7.08,7.29,-0.21,-2.8807,273876.01,195862.769
000650.SZ,20220408,7.54,7.55,7.16,7.29,7.58,-0.29,-3.8259,338362.75,246839.996
000650.SZ,20220407,7.72,7.89,7.57,7.58,7.77,-0.19,-2.4453,307714.95,236185.319
000650.SZ,20220406,7.75,7.96,7.7,7.77,7.62,0.15,1.9685,433660.67,338850.07
000650.SZ,20220401,7.77,7.77,7.55,7.62,7.85,-0.23,-2.9299,411138.67,313039.976
000650.SZ,20220331,7.67,8.06,7.63,7.85,7.73,0.12,1.5524,530579.62,420984.786
000650.SZ,20220330,7.76,7.8,7.57,7.73,7.72,0.01,0.1295,294860.99,226049.642
000650.SZ,20220329,7.57,7.81,7.43,7.72,7.57,0.15,1.9815,361562.4,277810.916
000650.SZ,20220328,7.8,7.94,7.48,7.57,7.82,-0.25,-3.1969,460249.93,351131.414
000650.SZ,20220325,7.85,8.04,7.8,7.82,7.86,-0.04,-0.5089,439639.58,348632.636
000650.SZ,20220324,7.62,7.99,7.53,7.86,7.69,0.17,2.2107,487247.28,379335.621
000650.SZ,20220323,7.48,7.78,7.42,7.69,7.48,0.21,2.8075,365708.64,279483.698
000650.SZ,20220322,7.59,7.61,7.41,7.48,7.64,-0.16,-2.0942,208508.96,156058.188
000650.SZ,20220321,7.64,7.79,7.47,7.64,7.64,0.0,0.0,332008.33,252800.437
000650.SZ,20220318,7.21,7.64,7.16,7.64,7.19,0.45,6.2587,414572.95,310134.568
000650.SZ,20220317,7.2,7.48,7.15,7.19,7.15,0.04,0.5594,351218.69,257166.11
000650.SZ,20220316,7.18,7.24,6.8,7.15,7.1,0.05,0.7042,259025.97,182512.63
000650.SZ,20220315,7.38,7.44,7.07,7.1,7.45,-0.35,-4.698,289692.5,210012.903
000650.SZ,20220314,7.7,7.79,7.38,7.45,7.64,-0.19,-2.4869,283995.94,216224.607
000650.SZ,20220311,7.47,7.65,7.3,7.64,7.48,0.16,2.139,288257.5,216011.749
000650.SZ,20220310,7.16,7.51,7.16,7.48,7.06,0.42,5.949,322515.25,237945.836
000650.SZ,20220309,7.31,7.41,6.74,7.06,7.32,-0.26,-3.5519,449693.35,318162.57
000650.SZ,20220308,7.8,7.81,7.24,7.32,7.84,-0.52,-6.6327,342976.04,255075.676
000650.SZ,20220307,7.88,8.09,7.8,7.84,7.9,-0.06,-0.7595,233581.28,185022.666
000650.SZ,20220304,8.0,8.1,7.83,7.9,8.02,-0.12,-1.4963,264766.7,211116.141
000650.SZ,20220303,7.95,8.12,7.85,8.02,7.91,0.11,1.3906,320192.23,255428.346
000650.SZ,20220302,7.65,7.97,7.62,7.91,7.66,0.25,3.2637,411066.0,321549.147
000650.SZ,20220301,7.77,7.8,7.62,7.66,7.77,-0.11,-1.4157,230129.99,176648.781
000650.SZ,20220228,7.77,7.86,7.68,7.77,7.74,0.03,0.3876,251872.52,195342.36
000650.SZ,20220225,7.73,7.81,7.7,7.74,7.69,0.05,0.6502,160802.15,124831.089
000650.SZ,20220224,7.77,8.03,7.6,7.69,7.83,-0.14,-1.788,336570.27,262571.014
000650.SZ,20220223,7.78,7.87,7.74,7.83,7.77,0.06,0.7722,202888.58,158395.233
000650.SZ,20220222,7.8,7.8,7.67,7.77,7.84,-0.07,-0.8929,206950.47,160004.799
000650.SZ,20220221,7.59,7.86,7.56,7.84,7.6,0.24,3.1579,282784.69,218382.404
000650.SZ,20220218,7.55,7.64,7.46,7.6,7.58,0.02,0.2639,135930.5,102930.879
000650.SZ,20220217,7.63,7.65,7.55,7.58,7.65,-0.07,-0.915,131492.61,99839.622
000650.SZ,20220216,7.58,7.66,7.53,7.65,7.6,0.05,0.6579,164923.3,125428.086
000650.SZ,20220215,7.63,7.71,7.5,7.6,7.59,0.01,0.1318,246865.41,187575.28
000650.SZ,20220214,7.35,7.64,7.33,7.59,7.43,0.16,2.1534,284051.42,215112.757
000650.SZ,20220211,7.55,7.59,7.4,7.43,7.59,-0.16,-2.108,251817.26,188621.257
000650.SZ,20220210,7.62,7.66,7.52,7.59,7.62,-0.03,-0.3937,228691.77,173547.275
000650.SZ,20220209,7.45,7.65,7.35,7.62,7.45,0.17,2.2819,336130.7,253529.799
000650.SZ,20220208,7.44,7.55,7.25,7.45,7.44,0.01,0.1344,273353.67,201749.368
000650.SZ,20220207,7.5,7.55,7.4,7.44,7.39,0.05,0.6766,146612.2,109369.871
000650.SZ,20220128,7.29,7.5,7.22,7.39,7.27,0.12,1.6506,202295.85,149113.484
000650.SZ,20220127,7.62,7.66,7.25,7.27,7.57,-0.3,-3.963,236407.52,175096.184
000650.SZ,20220126,7.64,7.77,7.48,7.57,7.61,-0.04,-0.5256,285394.43,216969.47
000650.SZ,20220125,8.3,8.39,7.54,7.61,8.31,-0.7,-8.4236,625273.88,489764.978
000650.SZ,20220124,8.38,8.38,8.21,8.31,8.39,-0.08,-0.9535,258987.96,214405.42
000650.SZ,20220121,8.63,8.64,8.28,8.39,8.62,-0.23,-2.6682,303776.03,254558.722
000650.SZ,20220120,8.63,8.79,8.51,8.62,8.63,-0.01,-0.1159,299712.06,258868.701
000650.SZ,20220119,8.89,8.95,8.55,8.63,8.89,-0.26,-2.9246,412899.14,359813.08
000650.SZ,20220118,9.4,9.4,8.84,8.89,9.41,-0.52,-5.526,608380.71,547881.709
000650.SZ,20220117,9.55,9.65,9.33,9.41,9.58,-0.17,-1.7745,397204.39,375012.264
000650.SZ,20220114,9.3,9.78,9.27,9.58,9.41,0.17,1.8066,436792.93,419198.055
000650.SZ,20220113,9.63,9.8,9.4,9.41,9.84,-0.43,-4.3699,530212.85,505918.676
000650.SZ,20220112,9.89,10.03,9.66,9.84,10.08,-0.24,-2.381,580979.0,572614.784
000650.SZ,20220111,9.67,10.35,9.6,10.08,9.71,0.37,3.8105,987670.26,992285.766
000650.SZ,20220110,9.71,9.85,9.41,9.71,9.64,0.07,0.7261,646643.92,624604.798
000650.SZ,20220107,10.0,10.18,9.58,9.64,9.9,-0.26,-2.6263,1232657.37,1217651.678
000650.SZ,20220106,8.92,9.9,8.85,9.9,9.0,0.9,10.0,1052292.72,1007487.498
000650.SZ,20220105,9.47,9.5,8.85,9.0,9.46,-0.46,-4.8626,573686.69,518962.818
000650.SZ,20220104,9.5,9.82,9.42,9.46,9.32,0.14,1.5021,938184.7,901529.309
000650.SZ,20211231,8.72,9.55,8.69,9.32,8.72,0.6,6.8807,910333.92,848231.997
000650.SZ,20211230,8.68,8.78,8.52,8.72,8.71,0.01,0.1148,371148.73,320991.029
000650.SZ,20211229,8.82,9.03,8.68,8.71,8.83,-0.12,-1.359,369704.25,326802.952
000650.SZ,20211228,9.2,9.27,8.67,8.83,9.35,-0.52,-5.5615,705914.17,628434.104
000650.SZ,20211227,9.4,9.57,9.23,9.35,9.41,-0.06,-0.6376,386321.7,362657.475
000650.SZ,20211224,9.22,9.59,9.0,9.41,9.27,0.14,1.5102,593149.75,559147.876
000650.SZ,20211223,9.33,9.55,9.15,9.27,9.33,-0.06,-0.6431,482529.58,449038.031
000650.SZ,20211222,8.81,9.49,8.78,9.33,8.8,0.53,6.0227,842698.45,772778.283
000650.SZ,20211221,8.89,9.2,8.67,8.8,8.79,0.01,0.1138,656332.97,586063.949
000650.SZ,20211220,8.26,9.03,8.21,8.79,8.25,0.54,6.5455,833545.57,720898.111
000650.SZ,20211217,8.29,8.33,8.24,8.25,8.29,-0.04,-0.4825,92126.44,76126.809
000650.SZ,20211216,8.27,8.32,8.22,8.29,8.27,0.02,0.2418,114301.03,94527.215
000650.SZ,20211215,8.38,8.38,8.25,8.27,8.38,-0.11,-1.3126,142684.68,118396.837
000650.SZ,20211214,8.34,8.42,8.31,8.38,8.34,0.04,0.4796,107601.24,90222.782
000650.SZ,20211213,8.4,8.45,8.31,8.34,8.44,-0.1,-1.1848,164890.61,137657.369
000650.SZ,20211210,8.48,8.56,8.4,8.44,8.46,-0.02,-0.2364,156555.98,132517.36
000650.SZ,20211209,8.27,8.49,8.22,8.46,8.27,0.19,2.2975,275963.58,231710.235
000650.SZ,20211208,8.27,8.29,8.16,8.27,8.23,0.04,0.486,189953.0,156228.549
000650.SZ,20211207,8.28,8.33,8.18,8.23,8.28,-0.05,-0.6039,155767.07,128267.16
000650.SZ,20211206,8.41,8.42,8.18,8.28,8.4,-0.12,-1.4286,212107.47,175890.1
000650.SZ,20211203,8.45,8.46,8.36,8.4,8.45,-0.05,-0.5917,137186.93,115003.699
000650.SZ,20211202,8.51,8.56,8.43,8.45,8.53,-0.08,-0.9379,118289.8,100228.735
000650.SZ,20211201,8.5,8.56,8.43,8.53,8.5,0.03,0.3529,102266.8,86832.726
000650.SZ,20211130,8.55,8.57,8.43,8.5,8.56,-0.06,-0.7009,132951.85,113102.801
000650.SZ,20211129,8.55,8.69,8.5,8.56,8.57,-0.01,-0.1167,119248.27,102317.04
000650.SZ,20211126,8.79,8.79,8.5,8.57,8.82,-0.25,-2.8345,191662.26,165037.171
000650.SZ,20211125,8.7,8.88,8.63,8.82,8.69,0.13,1.496,195793.31,171897.185
000650.SZ,20211124,8.58,8.72,8.56,8.69,8.6,0.09,1.0465,164471.96,141923.856
000650.SZ,20211123,8.56,8.62,8.53,8.6,8.57,0.03,0.3501,102356.84,87735.01
000650.SZ,20211122,8.68,8.68,8.53,8.57,8.64,-0.07,-0.8102,138388.89,118704.531
000650.SZ,20211119,8.48,8.65,8.39,8.64,8.46,0.18,2.1277,168257.32,143486.088
000650.SZ,20211118,8.62,8.65,8.44,8.46,8.65,-0.19,-2.1965,190229.2,162135.451
000650.SZ,20211117,8.75,8.76,8.57,8.65,8.72,-0.07,-0.8028,146221.27,126207.499
000650.SZ,20211116,8.72,8.85,8.66,8.72,8.71,0.01,0.1148,148108.39,129603.001
000650.SZ,20211115,8.73,8.95,8.68,8.71,8.75,-0.04,-0.4571,190997.37,167356.16
000650.SZ,20211112,8.85,8.95,8.63,8.75,8.84,-0.09,-1.0181,243457.77,213444.716
000650.SZ,20211111,8.86,8.97,8.75,8.84,8.92,-0.08,-0.8969,160145.74,141959.072
000650.SZ,20211110,9.07,9.1,8.83,8.92,9.01,-0.09,-0.9989,151108.44,134874.072
000650.SZ,20211109,9.01,9.13,8.97,9.01,9.09,-0.08,-0.8801,133106.55,120160.697
000650.SZ,20211108,9.09,9.12,8.88,9.09,9.09,0.0,0.0,133000.67,119584.808
000650.SZ,20211105,9.14,9.48,9.05,9.09,9.16,-0.07,-0.7642,228145.41,210307.313
000650.SZ,20211104,9.13,9.28,9.07,9.16,9.19,-0.03,-0.3264,162070.5,148298.247
000650.SZ,20211103,9.21,9.28,9.01,9.19,9.23,-0.04,-0.4334,186399.48,170623.352
000650.SZ,20211102,9.64,9.64,9.2,9.23,9.58,-0.35,-3.6534,303338.41,283503.042
000650.SZ,20211101,9.5,9.73,9.39,9.58,9.5,0.08,0.8421,351664.85,335857.877
000650.SZ,20211029,8.89,9.58,8.82,9.5,8.89,0.61,6.8616,481716.85,449627.437
000650.SZ,20211028,8.43,9.07,8.35,8.89,8.3,0.59,7.1084,387331.03,341569.454
000650.SZ,20211027,8.67,8.67,8.22,8.3,8.67,-0.37,-4.2676,169282.25,142172.26
000650.SZ,20211026,8.71,8.76,8.6,8.67,8.71,-0.04,-0.4592,62573.55,54368.082
000650.SZ,20211025,8.85,8.92,8.6,8.71,8.88,-0.17,-1.9144,123095.28,107347.978
000650.SZ,20211022,8.68,8.96,8.68,8.88,8.76,0.12,1.3699,134592.81,119097.897
000650.SZ,20211021,8.81,8.84,8.64,8.76,8.8,-0.04,-0.4545,86616.28,75692.611
000650.SZ,20211020,8.8,8.85,8.73,8.8,8.8,0.0,0.0,72402.07,63637.938
000650.SZ,20211019,8.71,8.86,8.64,8.8,8.71,0.09,1.0333,77362.14,68025.68
000650.SZ,20211018,8.83,8.84,8.66,8.71,8.84,-0.13,-1.4706,74782.02,65159.204
000650.SZ,20211015,8.82,8.86,8.69,8.84,8.85,-0.01,-0.113,94245.76,82714.986
000650.SZ,20211014,9.0,9.0,8.81,8.85,9.0,-0.15,-1.6667,109883.68,97680.742
000650.SZ,20211013,8.83,9.06,8.63,9.0,8.75,0.25,2.8571,191864.12,170424.663
000650.SZ,20211012,8.87,9.06,8.62,8.75,8.79,-0.04,-0.4551,202620.55,179709.535
000650.SZ,20211011,8.92,9.15,8.7,8.79,8.66,0.13,1.5012,186896.37,165834.387
000650.SZ,20211008,8.33,8.76,8.3,8.66,8.33,0.33,3.9616,172784.31,148879.445
000650.SZ,20210930,8.19,8.42,8.19,8.33,8.19,0.14,1.7094,129587.45,107576.987
000650.SZ,20210929,8.74,8.78,8.13,8.19,8.74,-0.55,-6.2929,264843.87,221920.114
000650.SZ,20210928,8.82,8.91,8.7,8.74,8.93,-0.19,-2.1277,141709.22,124476.643
000650.SZ,20210927,9.11,9.11,8.8,8.93,9.12,-0.19,-2.0833,187088.44,167371.432
000650.SZ,20210924,9.01,9.39,8.92,9.12,9.05,0.07,0.7735,206739.13,189506.71
000650.SZ,20210923,9.17,9.28,9.0,9.05,9.17,-0.12,-1.3086,191235.33,173923.406
000650.SZ,20210922,9.15,9.41,9.1,9.17,9.31,-0.14,-1.5038,133477.0,123117.475
000650.SZ,20210917,9.0,9.35,8.88,9.31,9.0,0.31,3.4444,190842.22,173456.791
000650.SZ,20210916,9.3,9.43,8.99,9.0,9.35,-0.35,-3.7433,192093.13,176464.583
000650.SZ,20210915,9.39,9.53,9.29,9.35,9.46,-0.11,-1.1628,142712.41,133533.132
000650.SZ,20210914,9.43,9.7,9.32,9.46,9.48,-0.02,-0.211,278019.54,265016.677
000650.SZ,20210913,9.57,9.68,9.44,9.48,9.58,-0.1,-1.0438,127941.45,121784.478
000650.SZ,20210910,9.58,9.61,9.4,9.58,9.58,0.0,0.0,193196.32,183999.842
000650.SZ,20210909,9.6,9.7,9.4,9.58,9.66,-0.08,-0.8282,186455.17,178284.194
000650.SZ,20210908,9.62,9.74,9.56,9.66,9.65,0.01,0.1036,154104.42,148491.482
000650.SZ,20210907,9.82,9.82,9.57,9.65,9.83,-0.18,-1.8311,239614.57,232034.266
000650.SZ,20210906,9.54,9.85,9.28,9.83,9.44,0.39,4.1314,432011.43,416315.543
000650.SZ,20210903,9.08,9.5,9.02,9.44,9.11,0.33,3.6224,405836.98,377663.155
000650.SZ,20210902,8.8,9.15,8.76,9.11,8.93,0.18,2.0157,273584.96,246761.04
000650.SZ,20210901,8.8,8.98,8.66,8.93,8.82,0.11,1.2472,202094.84,178501.695
000650.SZ,20210831,8.71,8.83,8.67,8.82,8.76,0.06,0.6849,128836.06,112632.055
000650.SZ,20210830,8.92,9.02,8.7,8.76,8.92,-0.16,-1.7937,172674.37,152792.73
000650.SZ,20210827,9.1,9.1,8.89,8.92,9.1,-0.18,-1.978,173894.24,155788.376
000650.SZ,20210826,9.14,9.22,8.93,9.1,9.04,0.06,0.6637,285705.75,260071.03
000650.SZ,20210825,9.01,9.07,8.88,9.04,9.0,0.04,0.4444,185293.64,165982.75
000650.SZ,20210824,8.78,9.01,8.71,9.0,8.77,0.23,2.6226,244567.09,216914.429
000650.SZ,20210823,8.64,8.84,8.51,8.77,8.7,0.07,0.8046,251369.08,217571.863
000650.SZ,20210820,8.77,8.79,8.62,8.7,8.79,-0.09,-1.0239,148577.56,129088.823
000650.SZ,20210819,8.66,8.84,8.64,8.79,8.66,0.13,1.5012,241319.45,211671.306
000650.SZ,20210818,8.65,8.85,8.63,8.66,8.65,0.01,0.1156,222881.94,194730.567
000650.SZ,20210817,9.0,9.01,8.62,8.65,9.03,-0.38,-4.2082,294828.01,259159.228
000650.SZ,20210816,8.94,9.2,8.74,9.03,8.95,0.08,0.8939,260516.58,234006.139
000650.SZ,20210813,9.2,9.2,8.9,8.95,9.2,-0.25,-2.7174,375754.63,339110.883
000650.SZ,20210812,9.31,9.34,9.18,9.2,9.36,-0.16,-1.7094,284866.7,262990.852
000650.SZ,20210811,9.42,9.46,9.32,9.36,9.42,-0.06,-0.6369,186418.62,174766.381
000650.SZ,20210810,9.43,9.49,9.3,9.42,9.48,-0.06,-0.6329,277625.15,260324.386
000650.SZ,20210809,9.41,9.49,9.31,9.48,9.5,-0.02,-0.2105,254903.28,239313.348
000650.SZ,20210806,9.73,9.76,9.37,9.5,9.8,-0.3,-3.0612,396950.44,376117.467
000650.SZ,20210805,9.74,10.05,9.59,9.8,9.66,0.14,1.4493,425816.74,418731.769
000650.SZ,20210804,9.83,9.93,9.55,9.66,9.85,-0.19,-1.9289,387707.37,375654.818
000650.SZ,20210803,9.8,10.05,9.73,9.85,9.85,0.0,0.0,336557.2,333739.66
000650.SZ,20210802,9.84,10.3,9.78,9.85,9.86,-0.01,-0.1014,370813.62,368826.733
000650.SZ,20210730,9.51,9.95,9.45,9.86,9.4,0.46,4.8936,454395.81,443209.959
000650.SZ,20210729,9.38,9.51,9.3,9.4,9.3,0.1,1.0753,283866.46,267530.725
000650.SZ,20210728,9.66,9.75,9.15,9.3,9.7,-0.4,-4.1237,334581.61,314871.367
000650.SZ,20210727,9.8,9.98,9.41,9.7,9.68,0.02,0.2066,466806.07,453737.448
000650.SZ,20210726,10.05,10.19,9.37,9.68,10.13,-0.45,-4.4423,473855.26,461175.336
000650.SZ,20210723,10.16,10.5,9.9,10.13,10.2,-0.07,-0.6863,564707.59,576226.357
000650.SZ,20210722,9.66,10.4,9.46,10.2,9.7,0.5,5.1546,785733.76,777173.083
000650.SZ,20210721,9.39,9.8,9.32,9.7,9.38,0.32,3.4115,573729.06,554227.379
000650.SZ,20210720,9.3,9.54,9.26,9.38,9.42,-0.04,-0.4246,294609.9,277023.712
000650.SZ,20210719,9.4,9.57,9.26,9.42,9.4,0.02,0.2128,364021.7,343204.461
000650.SZ,20210716,9.41,9.55,9.22,9.4,9.46,-0.06,-0.6342,327114.14,307262.622
000650.SZ,20210715,9.55,9.6,9.32,9.46,9.64,-0.18,-1.8672,422589.34,397531.144
000650.SZ,20210714,9.27,9.82,9.15,9.64,9.26,0.38,4.1037,832454.45,790911.23
000650.SZ,20210713,9.38,9.46,9.13,9.26,9.44,-0.18,-1.9068,657656.32,608105.022
000650.SZ,20210712,9.63,9.85,9.32,9.44,9.78,-0.34,-3.4765,820937.96,784463.201
000650.SZ,20210709,9.51,9.86,9.29,9.78,9.8,-0.02,-0.2041,696564.08,668251.044
000650.SZ,20210708,9.55,9.93,9.44,9.8,9.3,0.5,5.3763,1302554.61,1263951.535
000650.SZ,20210707,9.72,9.83,8.99,9.3,9.99,-0.69,-6.9069,1813375.5,1676907.588
000650.SZ,20210706,10.19,10.41,9.51,9.99,10.19,-0.2,-1.9627,1020694.77,1012482.684
000650.SZ,20210705,11.01,11.27,9.85,10.19,10.94,-0.75,-6.8556,1596076.14,1662544.559
000650.SZ,20210702,10.91,11.16,10.52,10.94,11.11,-0.17,-1.5302,773342.59,840485.753
000650.SZ,20210701,10.92,11.47,10.83,11.11,10.92,0.19,1.7399,1005710.34,1125908.277
000650.SZ,20210630,11.01,11.05,10.52,10.92,11.08,-0.16,-1.444,1035263.06,1120324.967
000650.SZ,20210629,11.0,11.11,10.59,11.08,10.67,0.41,3.8425,1513613.45,1649156.233
000650.SZ,20210628,9.78,10.67,9.74,10.67,9.7,0.97,10.0,1224923.52,1281837.844
000650.SZ,20210625,9.7,9.93,9.58,9.7,9.77,-0.07,-0.7165,523692.78,509208.863
000650.SZ,20210624,10.32,10.55,9.56,9.77,10.4,-0.63,-6.0577,1052709.34,1044314.635
000650.SZ,20210623,10.49,10.75,10.18,10.4,10.65,-0.25,-2.3474,676160.48,704102.356
000650.SZ,20210622,10.6,11.07,10.31,10.65,10.6,0.05,0.4717,782360.93,835171.622
000650.SZ,20210621,10.0,10.65,9.92,10.6,9.86,0.74,7.5051,935598.22,969863.174
000650.SZ,20210618,9.98,10.46,9.55,9.86,10.11,-0.25,-2.4728,700394.69,697008.32
000650.SZ,20210617,10.0,10.29,9.86,10.11,9.83,0.28,2.8484,547171.88,553183.526
000650.SZ,20210616,9.86,10.34,9.68,9.83,10.04,-0.21,-2.0916,615376.57,615028.122
000650.SZ,20210615,9.95,10.16,9.48,10.04,9.67,0.37,3.8263,809680.66,802133.234
000650.SZ,20210611,10.23,10.26,9.55,9.67,10.28,-0.61,-5.9339,888535.58,875745.041
000650.SZ,20210610,10.6,10.6,10.03,10.28,10.5,-0.22,-2.0952,682859.36,700280.23
000650.SZ,20210609,10.6,10.79,10.19,10.5,10.86,-0.36,-3.3149,799963.18,836639.899
000650.SZ,20210608,10.66,11.14,10.65,10.86,10.65,0.21,1.9718,916155.27,993136.759
000650.SZ,20210607,10.8,10.83,10.3,10.65,10.97,-0.32,-2.917,1018274.73,1074188.648
000650.SZ,20210604,11.05,11.31,10.72,10.97,11.22,-0.25,-2.2282,760995.74,838620.777
000650.SZ,20210603,11.5,11.69,11.1,11.22,11.53,-0.31,-2.6886,1016678.12,1157298.446
000650.SZ,20210602,12.22,12.35,11.23,11.53,12.48,-0.95,-7.6122,1604124.35,1874614.101
000650.SZ,20210601,11.4,12.82,11.33,12.48,11.65,0.83,7.1245,1682197.97,2098710.461
000650.SZ,20210531,11.62,11.82,10.61,11.65,11.47,0.18,1.5693,1326733.09,1519214.697
000650.SZ,20210528,11.55,12.25,11.23,11.67,11.39,0.28,2.4583,1708185.54,1995023.605
000650.SZ,20210527,12.07,12.07,11.0,11.39,12.1,-0.71,-5.8678,2350981.04,2700510.837
000650.SZ,20210526,11.25,12.1,11.25,12.1,11.0,1.1,10.0,2114174.11,2533212.112
000650.SZ,20210525,10.25,11.0,9.8,11.0,10.0,1.0,10.0,2265806.13,2375778.979
000650.SZ,20210524,10.32,10.57,10.0,10.0,10.26,-0.26,-2.5341,1222890.69,1254118.032
000650.SZ,20210521,9.56,10.41,9.56,10.26,9.46,0.8,8.4567,1707007.72,1735844.819
000650.SZ,20210520,9.02,9.96,9.01,9.46,9.05,0.41,4.5304,2063705.83,1983423.612
000650.SZ,20210519,9.2,9.44,8.88,9.05,9.1,-0.05,-0.5495,1246669.12,1138571.049
000650.SZ,20210518,8.14,9.1,7.77,9.1,8.27,0.83,10.0363,1221999.55,1032218.713
000650.SZ,20210517,8.56,8.67,8.25,8.27,8.61,-0.34,-3.9489,797137.21,669441.459
000650.SZ,20210514,9.11,9.15,8.55,8.61,9.11,-0.5,-5.4885,872420.44,760780.124
000650.SZ,20210513,9.2,9.34,8.91,9.11,9.33,-0.22,-2.358,765794.18,699615.678
000650.SZ,20210512,9.09,9.41,8.81,9.33,9.08,0.25,2.7533,1051910.59,959620.692
000650.SZ,20210511,8.22,9.08,8.15,9.08,8.25,0.83,10.0606,1346763.68,1184575.952
000650.SZ,20210510,7.9,8.42,7.88,8.25,7.98,0.27,3.3835,797158.53,653945.68
000650.SZ,20210507,8.67,8.75,7.8,7.98,8.67,-0.69,-7.9585,1476126.45,1177630.307
000650.SZ,20210506,9.19,9.44,8.58,8.67,9.11,-0.44,-4.8299,1140599.94,1024549.104
000650.SZ,20210430,8.19,9.11,8.18,9.11,8.28,0.83,10.0242,1171910.45,1039878.511
000650.SZ,20210429,8.18,8.36,8.12,8.28,8.23,0.05,0.6075,349999.36,288747.533
000650.SZ,20210428,8.02,8.27,7.84,8.23,7.91,0.32,4.0455,549524.4,447757.422
000650.SZ,20210427,7.85,7.97,7.67,7.91,7.84,0.07,0.8929,297786.89,233226.382
000650.SZ,20210426,7.75,7.94,7.69,7.84,7.82,0.02,0.2558,440346.52,343491.077
000650.SZ,20210423,8.1,8.15,7.72,7.82,7.99,-0.17,-2.1277,490768.44,386116.417
000650.SZ,20210422,7.91,8.22,7.8,7.99,7.89,0.1,1.2674,488114.13,390879.87
000650.SZ,20210421,7.51,7.98,7.47,7.89,7.57,0.32,4.2272,494826.71,385481.519
000650.SZ,20210420,7.55,7.77,7.49,7.57,7.54,0.03,0.3979,306761.12,234207.16
000650.SZ,20210419,7.74,7.74,7.48,7.54,7.64,-0.1,-1.3089,310290.51,235632.966
000650.SZ,20210416,7.33,7.77,7.25,7.64,7.33,0.31,4.2292,546580.3,414836.906
000650.SZ,20210415,7.29,7.45,7.2,7.33,7.31,0.02,0.2736,244625.38,178769.249
000650.SZ,20210414,7.02,7.37,7.02,7.31,6.99,0.32,4.578,380040.51,276382.102
000650.SZ,20210413,7.03,7.1,6.96,6.99,7.04,-0.05,-0.7102,144268.05,101477.573
000650.SZ,20210412,7.02,7.17,7.0,7.04,7.05,-0.01,-0.1418,169496.35,119930.999
000650.SZ,20210409,7.14,7.2,6.98,7.05,7.14,-0.09,-1.2605,200210.95,141291.88
000650.SZ,20210408,7.1,7.35,7.06,7.14,7.15,-0.01,-0.1399,277599.55,199906.08
000650.SZ,20210407,7.23,7.37,7.1,7.15,7.22,-0.07,-0.9695,351136.07,252676.817
000650.SZ,20210406,6.9,7.32,6.84,7.22,6.92,0.3,4.3353,431041.68,306432.901
000650.SZ,20210402,6.68,6.94,6.59,6.92,6.65,0.27,4.0602,287085.39,195510.989
000650.SZ,20210401,6.73,6.8,6.57,6.65,6.73,-0.08,-1.1887,210123.55,139330.294
000650.SZ,20210331,6.75,6.85,6.66,6.73,6.67,0.06,0.8996,171255.98,115507.173
000650.SZ,20210330,6.75,6.77,6.5,6.67,6.81,-0.14,-2.0558,250575.19,166033.014
000650.SZ,20210329,6.81,6.84,6.7,6.81,6.82,-0.01,-0.1466,177485.78,120005.707
000650.SZ,20210326,6.9,7.02,6.78,6.82,6.82,0.0,0.0,179150.48,122688.247
000650.SZ,20210325,6.9,6.97,6.75,6.82,6.95,-0.13,-1.8705,240719.02,164861.825
000650.SZ,20210324,6.96,7.1,6.84,6.95,6.96,-0.01,-0.1437,313438.19,218824.746
000650.SZ,20210323,7.09,7.22,6.9,6.96,7.13,-0.17,-2.3843,382254.93,267387.747
000650.SZ,20210322,6.69,7.19,6.69,7.13,6.68,0.45,6.7365,744742.96,527803.577
000650.SZ,20210319,6.34,6.94,6.34,6.68,6.38,0.3,4.7022,782040.18,526028.616
000650.SZ,20210318,6.33,6.61,6.31,6.38,6.36,0.02,0.3145,201089.29,129908.552
000650.SZ,20210317,6.32,6.41,6.27,6.36,6.33,0.03,0.4739,117899.47,74641.785
000650.SZ,20210316,6.3,6.39,6.22,6.33,6.29,0.04,0.6359,162851.24,102808.378
000650.SZ,20210315,6.06,6.37,6.02,6.29,6.08,0.21,3.4539,274840.82,171684.294
000650.SZ,20210312,6.1,6.11,6.04,6.08,6.1,-0.02,-0.3279,52754.33,32038.061
000650.SZ,20210311,5.98,6.11,5.96,6.1,6.0,0.1,1.6667,71468.33,43324.164
000650.SZ,20210310,6.12,6.14,5.98,6.0,6.08,-0.08,-1.3158,109510.89,65920.077
000650.SZ,20210309,6.13,6.24,6.0,6.08,6.15,-0.07,-1.1382,143684.5,87849.608
000650.SZ,20210308,6.21,6.29,6.13,6.15,6.19,-0.04,-0.6462,114996.01,71547.042
000650.SZ,20210305,6.11,6.22,6.03,6.19,6.12,0.07,1.1438,173245.69,106083.098
000650.SZ,20210304,6.14,6.24,6.11,6.12,6.21,-0.09,-1.4493,105836.38,65256.359
000650.SZ,20210303,6.19,6.25,6.13,6.21,6.19,0.02,0.3231,88093.05,54606.112
000650.SZ,20210302,6.25,6.3,6.14,6.19,6.25,-0.06,-0.96,126039.75,78141.104
000650.SZ,20210301,5.99,6.35,5.99,6.25,6.0,0.25,4.1667,279461.4,174164.245
000650.SZ,20210226,5.88,6.01,5.87,6.0,5.94,0.06,1.0101,104162.74,62178.839
000650.SZ,20210225,6.04,6.08,5.93,5.94,6.03,-0.09,-1.4925,119263.5,71264.616
000650.SZ,20210224,6.02,6.13,5.98,6.03,6.02,0.01,0.1661,143928.45,87143.547
000650.SZ,20210223,6.0,6.08,5.94,6.02,6.01,0.01,0.1664,149836.38,90223.403
000650.SZ,20210222,5.87,6.08,5.82,6.01,5.85,0.16,2.735,265424.98,158822.488
000650.SZ,20210219,5.76,5.88,5.67,5.85,5.72,0.13,2.2727,153702.71,89061.159
000650.SZ,20210218,5.76,5.78,5.68,5.72,5.7,0.02,0.3509,108233.44,61986.13
000650.SZ,20210210,5.78,5.88,5.67,5.7,5.78,-0.08,-1.3841,159576.53,91973.486
000650.SZ,20210209,5.38,5.83,5.35,5.78,5.38,0.4,7.4349,237610.16,133285.552
000650.SZ,20210208,5.51,5.52,5.34,5.38,5.5,-0.12,-2.1818,158361.83,85420.494
000650.SZ,20210205,5.55,5.59,5.49,5.5,5.57,-0.07,-1.2567,48613.75,26867.4
000650.SZ,20210204,5.49,5.59,5.32,5.57,5.5,0.07,1.2727,145583.16,79508.227
000650.SZ,20210203,5.61,5.63,5.5,5.5,5.61,-0.11,-1.9608,71500.25,39611.003
000650.SZ,20210202,5.62,5.67,5.6,5.61,5.64,-0.03,-0.5319,58735.85,33046.886
000650.SZ,20210201,5.59,5.66,5.53,5.64,5.6,0.04,0.7143,82213.72,45957.635
000650.SZ,20210129,5.55,5.69,5.45,5.6,5.54,0.06,1.083,141044.48,78614.39
000650.SZ,20210128,5.6,5.65,5.49,5.54,5.65,-0.11,-1.9469,121980.1,67818.691
000650.SZ,20210127,5.7,5.7,5.64,5.65,5.7,-0.05,-0.8772,70351.01,39843.618
000650.SZ,20210126,5.72,5.76,5.67,5.7,5.72,-0.02,-0.3497,73237.98,41800.442
000650.SZ,20210125,5.86,5.86,5.7,5.72,5.85,-0.13,-2.2222,130217.0,74912.431
000650.SZ,20210122,5.96,5.97,5.78,5.85,5.97,-0.12,-2.0101,149436.25,87597.215
000650.SZ,20210121,5.94,6.02,5.93,5.97,5.96,0.01,0.1678,125422.06,74965.532
000650.SZ,20210120,5.99,6.0,5.95,5.96,6.01,-0.05,-0.8319,83295.38,49699.046
000650.SZ,20210119,5.98,6.07,5.96,6.01,6.0,0.01,0.1667,118822.37,71523.692
000650.SZ,20210118,6.0,6.03,5.94,6.0,6.01,-0.01,-0.1664,146264.25,87628.657
000650.SZ,20210115,6.04,6.16,5.93,6.01,5.96,0.05,0.8389,179203.13,108086.356
000650.SZ,20210114,5.97,6.11,5.93,5.96,5.97,-0.01,-0.1675,172209.25,103349.499
000650.SZ,20210113,5.88,6.14,5.77,5.97,5.87,0.1,1.7036,246258.26,146043.259
000650.SZ,20210112,5.8,5.9,5.78,5.87,5.8,0.07,1.2069,81667.28,47773.846
000650.SZ,20210111,5.98,6.0,5.8,5.8,6.01,-0.21,-3.4942,173671.58,102156.526
000650.SZ,20210108,6.07,6.11,5.92,6.01,6.15,-0.14,-2.2764,144161.57,86748.685
000650.SZ,20210107,6.13,6.27,6.11,6.15,6.14,0.01,0.1629,168931.17,104387.393
000650.SZ,20210106,6.09,6.17,6.07,6.14,6.1,0.04,0.6557,133419.17,81822.461
000650.SZ,20210105,6.07,6.15,6.02,6.1,6.09,0.01,0.1642,141463.64,85900.088
000650.SZ,20210104,6.08,6.12,6.02,6.09,6.1,-0.01,-0.1639,127361.06,77237.954
000650.SZ,20201231,6.01,6.1,5.98,6.1,6.01,0.09,1.4975,110804.59,67010.889
000650.SZ,20201230,6.01,6.05,5.99,6.01,6.01,0.0,0.0,75945.15,45692.606
000650.SZ,20201229,5.99,6.06,5.99,6.01,6.0,0.01,0.1667,79418.37,47818.819
000650.SZ,20201228,6.15,6.16,5.88,6.0,6.19,-0.19,-3.0695,246401.03,147660.648
000650.SZ,20201225,6.19,6.24,6.15,6.19,6.19,0.0,0.0,71456.0,44329.551
000650.SZ,20201224,6.37,6.38,6.15,6.19,6.4,-0.21,-3.2813,219454.02,137531.578
000650.SZ,20201223,6.54,6.54,6.37,6.4,6.56,-0.16,-2.439,236137.75,151590.941
000650.SZ,20201222,6.46,6.62,6.44,6.56,6.48,0.08,1.2346,256120.02,168142.332
000650.SZ,20201221,6.45,6.49,6.37,6.48,6.46,0.02,0.3096,122383.24,78656.965
000650.SZ,20201218,6.55,6.55,6.44,6.46,6.56,-0.1,-1.5244,130380.19,84432.852
000650.SZ,20201217,6.45,6.61,6.42,6.56,6.49,0.07,1.0786,160173.51,104803.883
000650.SZ,20201216,6.45,6.5,6.35,6.49,6.53,-0.04,-0.6126,130128.2,83576.309
000650.SZ,20201215,6.54,6.58,6.5,6.53,6.55,-0.02,-0.3053,75664.47,49443.784
000650.SZ,20201214,6.49,6.6,6.39,6.55,6.48,0.07,1.0802,143998.08,93789.045
000650.SZ,20201211,6.41,6.53,6.36,6.48,6.4,0.08,1.25,145726.48,93899.748
000650.SZ,20201210,6.38,6.44,6.33,6.4,6.38,0.02,0.3135,67901.16,43446.739
000650.SZ,20201209,6.44,6.49,6.38,6.38,6.44,-0.06,-0.9317,113199.18,72771.404
000650.SZ,20201208,6.56,6.57,6.44,6.44,6.56,-0.12,-1.8293,141083.06,91724.799
000650.SZ,20201207,6.7,6.72,6.5,6.56,6.71,-0.15,-2.2355,178351.67,117151.567
000650.SZ,20201204,6.7,6.77,6.67,6.71,6.69,0.02,0.299,146648.41,98564.93
000650.SZ,20201203,6.67,6.74,6.63,6.69,6.65,0.04,0.6015,213380.49,142897.291
000650.SZ,20201202,6.64,6.66,6.57,6.65,6.62,0.03,0.4532,119685.25,79292.498
000650.SZ,20201201,6.53,6.63,6.52,6.62,6.55,0.07,1.0687,110329.14,72797.853
000650.SZ,20201130,6.55,6.64,6.54,6.55,6.58,-0.03,-0.4559,125766.32,82844.833
000650.SZ,20201127,6.6,6.64,6.51,6.58,6.59,-0.01,-0.1517,128955.18,84775.29
000650.SZ,20201126,6.61,6.67,6.55,6.59,6.65,-0.06,-0.9023,150354.33,99474.193
000650.SZ,20201125,6.88,6.88,6.64,6.65,6.89,-0.24,-3.4833,332475.18,223534.457
000650.SZ,20201124,6.85,6.91,6.7,6.89,6.84,0.05,0.731,319923.17,217775.806
000650.SZ,20201123,6.9,6.96,6.8,6.84,6.84,0.0,0.0,271338.5,186187.616
000650.SZ,20201120,6.88,6.92,6.77,6.84,6.9,-0.06,-0.8696,353481.41,241491.924
000650.SZ,20201119,7.06,7.21,6.87,6.9,7.19,-0.29,-4.0334,678329.96,474537.26
000650.SZ,20201118,7.0,7.3,6.81,7.19,6.78,0.41,6.0472,1074090.99,758632.703
000650.SZ,20201117,6.68,6.79,6.56,6.78,6.69,0.09,1.3453,308315.91,205810.285
000650.SZ,20201116,6.74,6.88,6.66,6.69,6.72,-0.03,-0.4464,320729.02,217139.017
000650.SZ,20201113,6.68,6.8,6.66,6.72,6.69,0.03,0.4484,238917.87,160631.415
000650.SZ,20201112,6.59,6.74,6.58,6.69,6.58,0.11,1.6717,322820.68,215543.863
000650.SZ,20201111,6.6,6.6,6.48,6.58,6.58,0.0,0.0,161733.76,105687.329
000650.SZ,20201110,6.72,6.76,6.51,6.58,6.66,-0.08,-1.2012,264916.98,175060.908
000650.SZ,20201109,6.49,6.79,6.48,6.66,6.4,0.26,4.0625,422228.93,281976.451
000650.SZ,20201106,6.49,6.51,6.36,6.4,6.45,-0.05,-0.7752,130889.1,83937.858
000650.SZ,20201105,6.36,6.45,6.35,6.45,6.31,0.14,2.2187,181198.52,115959.085
000650.SZ,20201104,6.43,6.44,6.27,6.31,6.41,-0.1,-1.5601,139546.23,88192.741
000650.SZ,20201103,6.34,6.44,6.31,6.41,6.32,0.09,1.4241,115201.44,73730.15
000650.SZ,20201102,6.41,6.46,6.24,6.32,6.43,-0.11,-1.7107,184061.31,116253.87
000650.SZ,20201030,6.58,6.59,6.43,6.43,6.58,-0.15,-2.2796,183235.98,119466.695
000650.SZ,20201029,6.5,6.63,6.46,6.58,6.53,0.05,0.7657,234438.51,154286.897
000650.SZ,20201028,6.43,6.66,6.41,6.53,6.39,0.14,2.1909,209131.6,136852.323
000650.SZ,20201027,6.38,6.46,6.36,6.39,6.4,-0.01,-0.1563,99100.25,63547.694
000650.SZ,20201026,6.37,6.44,6.3,6.4,6.47,-0.07,-1.0819,146411.73,93372.522
000650.SZ,20201023,6.51,6.54,6.45,6.47,6.53,-0.06,-0.9188,124154.3,80618.902
000650.SZ,20201022,6.51,6.59,6.5,6.53,6.56,-0.03,-0.4573,129375.73,84646.779
000650.SZ,20201021,6.58,6.67,6.48,6.56,6.56,0.0,0.0,145444.64,95590.62
000650.SZ,20201020,6.6,6.6,6.46,6.56,6.64,-0.08,-1.2048,146729.81,95762.989
000650.SZ,20201019,6.57,6.71,6.51,6.64,6.57,0.07,1.0654,377081.97,249805.118
000650.SZ,20201016,6.31,6.57,6.29,6.57,6.31,0.26,4.1204,255229.51,164802.824
000650.SZ,20201015,6.42,6.46,6.29,6.31,6.43,-0.12,-1.8663,157736.75,100251.483
000650.SZ,20201014,6.51,6.51,6.42,6.43,6.5,-0.07,-1.0769,125156.48,80886.062
000650.SZ,20201013,6.48,6.54,6.43,6.5,6.47,0.03,0.4637,209477.65,136112.802
000650.SZ,20201012,6.35,6.48,6.31,6.47,6.3,0.17,2.6984,209251.9,134145.827
000650.SZ,20201009,6.2,6.34,6.19,6.3,6.13,0.17,2.7732,114248.25,71620.989
000650.SZ,20200930,6.21,6.21,6.12,6.13,6.18,-0.05,-0.8091,70825.93,43687.095
000650.SZ,20200929,6.19,6.23,6.16,6.18,6.18,0.0,0.0,67787.54,41976.487
000650.SZ,20200928,6.31,6.32,6.16,6.18,6.31,-0.13,-2.0602,124204.0,77206.389
000650.SZ,20200925,6.44,6.44,6.26,6.31,6.44,-0.13,-2.0186,171790.61,108977.292
000650.SZ,20200924,6.32,6.48,6.3,6.44,6.35,0.09,1.4173,266462.16,170883.892
000650.SZ,20200923,6.35,6.42,6.27,6.35,6.32,0.03,0.4747,159905.57,101354.059
000650.SZ,20200922,6.33,6.48,6.3,6.32,6.35,-0.03,-0.4724,156919.96,100318.51
000650.SZ,20200921,6.33,6.38,6.3,6.35,6.34,0.01,0.1577,98057.81,62212.139
000650.SZ,20200918,6.23,6.35,6.22,6.34,6.23,0.11,1.7657,104638.97,65802.862
000650.SZ,20200917,6.33,6.33,6.17,6.23,6.32,-0.09,-1.4241,172200.71,107320.931
000650.SZ,20200916,6.39,6.41,6.3,6.32,6.39,-0.07,-1.0955,106270.5,67501.163
000650.SZ,20200915,6.4,6.45,6.35,6.39,6.42,-0.03,-0.4673,119152.24,75914.876
000650.SZ,20200914,6.4,6.46,6.36,6.42,6.39,0.03,0.4695,143553.42,91879.583
000650.SZ,20200911,6.31,6.41,6.26,6.39,6.35,0.04,0.6299,180497.09,114291.189
000650.SZ,20200910,6.67,6.7,6.35,6.35,6.62,-0.27,-4.0785,296067.83,192377.759
000650.SZ,20200909,6.78,6.78,6.57,6.62,6.83,-0.21,-3.0747,372310.25,247835.998
000650.SZ,20200908,6.95,6.98,6.68,6.83,6.87,-0.04,-0.5822,369847.27,251108.841
000650.SZ,20200907,6.78,7.04,6.75,6.87,6.79,0.08,1.1782,545488.39,377405.511
000650.SZ,20200904,6.74,6.89,6.69,6.79,6.9,-0.11,-1.5942,455943.11,308917.799
000650.SZ,20200903,6.54,7.1,6.51,6.9,6.53,0.37,5.6662,994810.23,680879.323
000650.SZ,20200902,6.5,6.55,6.47,6.53,6.5,0.03,0.4615,161227.05,104994.505
000650.SZ,20200901,6.49,6.54,6.45,6.5,6.49,0.01,0.1541,118127.43,76709.718
000650.SZ,20200831,6.5,6.58,6.48,6.49,6.49,0.0,0.0,179815.2,117491.743
000650.SZ,20200828,6.44,6.49,6.36,6.49,6.46,0.03,0.4644,180094.08,115753.931
000650.SZ,20200827,6.41,6.47,6.33,6.46,6.4,0.06,0.9375,114912.34,73571.843
000650.SZ,20200826,6.46,6.52,6.38,6.4,6.48,-0.08,-1.2346,183037.81,118118.553
000650.SZ,20200825,6.52,6.56,6.46,6.48,6.52,-0.04,-0.6135,149478.25,97167.929
000650.SZ,20200824,6.54,6.56,6.45,6.52,6.54,-0.02,-0.3058,129809.09,84361.173
000650.SZ,20200821,6.55,6.57,6.5,6.54,6.51,0.03,0.4608,141468.9,92421.803
000650.SZ,20200820,6.55,6.59,6.5,6.51,6.58,-0.07,-1.0638,156031.8,101962.491
000650.SZ,20200819,6.72,6.73,6.58,6.58,6.73,-0.15,-2.2288,224780.16,149312.159
000650.SZ,20200818,6.71,6.78,6.7,6.73,6.73,0.0,0.0,264551.19,178197.634
000650.SZ,20200817,6.61,6.78,6.6,6.73,6.63,0.1,1.5083,261687.52,175397.237
000650.SZ,20200814,6.58,6.63,6.5,6.63,6.58,0.05,0.7599,158680.15,104212.065
000650.SZ,20200813,6.59,6.63,6.56,6.58,6.58,0.0,0.0,155512.05,102568.269
000650.SZ,20200812,6.67,6.7,6.48,6.58,6.68,-0.1,-1.497,284180.61,186367.085
000650.SZ,20200811,6.73,6.85,6.66,6.68,6.77,-0.09,-1.3294,333136.48,225591.952
000650.SZ,20200810,6.57,6.82,6.53,6.77,6.58,0.19,2.8875,335211.99,224161.574
000650.SZ,20200807,6.68,6.73,6.5,6.58,6.68,-0.1,-1.497,283743.71,187122.44
000650.SZ,20200806,6.8,6.88,6.6,6.68,6.79,-0.11,-1.62,370188.52,248030.07
000650.SZ,20200805,6.77,6.85,6.68,6.79,6.83,-0.04,-0.5857,342010.32,231109.439
000650.SZ,20200804,6.98,7.03,6.79,6.83,6.99,-0.16,-2.289,464227.44,320335.61
000650.SZ,20200803,6.78,7.04,6.77,6.99,6.77,0.22,3.2496,535209.02,371407.557
000650.SZ,20200731,6.67,6.81,6.56,6.77,6.72,0.05,0.744,415159.51,278324.963
000650.SZ,20200730,6.63,6.84,6.59,6.72,6.63,0.09,1.3575,423864.23,285001.731
000650.SZ,20200729,6.41,6.64,6.41,6.63,6.47,0.16,2.473,268354.69,176409.144
000650.SZ,20200728,6.53,6.56,6.42,6.47,6.45,0.02,0.3101,186465.97,120758.86
000650.SZ,20200727,6.43,6.49,6.32,6.45,6.41,0.04,0.624,219210.03,140723.503
000650.SZ,20200724,6.7,6.78,6.4,6.41,6.76,-0.35,-5.1775,389597.66,255872.463
000650.SZ,20200723,6.71,6.84,6.51,6.76,6.77,-0.01,-0.1477,399132.89,266799.168
000650.SZ,20200722,6.78,6.86,6.75,6.77,6.83,-0.06,-0.8785,347117.9,236353.096
000650.SZ,20200721,6.79,6.88,6.69,6.83,6.8,0.03,0.4412,396485.38,268629.469
000650.SZ,20200720,6.64,6.8,6.57,6.8,6.64,0.16,2.4096,439176.64,294365.701
000650.SZ,20200717,6.57,6.69,6.48,6.64,6.57,0.07,1.0654,364983.64,240904.604
000650.SZ,20200716,6.9,6.95,6.5,6.57,6.92,-0.35,-5.0578,629076.23,422790.531
000650.SZ,20200715,7.28,7.31,6.83,6.92,7.22,-0.3,-4.1551,881048.71,620486.811
000650.SZ,20200714,7.65,7.65,7.08,7.22,7.7,-0.48,-6.2338,1182047.98,867253.403
000650.SZ,20200713,7.66,7.73,7.38,7.7,7.66,0.04,0.5222,1253905.44,948987.974
000650.SZ,20200710,7.68,8.02,7.5,7.66,7.37,0.29,3.9349,2122782.97,1652936.357
000650.SZ,20200709,6.67,7.37,6.62,7.37,6.7,0.67,10.0,792119.7,557523.991
000650.SZ,20200708,6.56,6.74,6.51,6.7,6.53,0.17,2.6034,589834.23,390771.825
000650.SZ,20200707,6.42,6.72,6.35,6.53,6.42,0.11,1.7134,766958.46,501126.382
000650.SZ,20200706,6.22,6.42,6.19,6.42,6.17,0.25,4.0519,490649.86,309766.411
000650.SZ,20200703,6.11,6.2,6.06,6.17,6.13,0.04,0.6525,357367.39,219261.126
000650.SZ,20200702,6.08,6.13,6.03,6.13,6.07,0.06,0.9885,270517.22,164854.174
000650.SZ,20200701,6.0,6.08,5.97,6.07,6.0,0.07,1.1667,231863.32,139826.898
000650.SZ,20200630,6.02,6.02,5.96,6.0,5.98,0.02,0.3344,146260.74,87631.063
000650.SZ,20200629,5.95,6.03,5.93,5.98,5.97,0.01,0.1675,124260.51,74316.066
000650.SZ,20200624,6.0,6.01,5.95,5.97,5.98,-0.01,-0.1672,112558.1,67219.095
000650.SZ,20200623,6.04,6.06,5.97,5.98,6.03,-0.05,-0.8292,150184.9,90174.372
000650.SZ,20200622,6.07,6.1,6.02,6.03,6.08,-0.05,-0.8224,174840.63,105642.196
000650.SZ,20200619,6.1,6.14,6.03,6.08,6.12,-0.04,-0.6536,221895.25,134898.209
000650.SZ,20200618,6.2,6.2,6.08,6.12,6.21,-0.09,-1.4493,299288.31,182910.706
000650.SZ,20200617,6.05,6.3,6.03,6.21,6.05,0.16,2.6446,527244.54,326624.726
000650.SZ,20200616,6.05,6.06,5.98,6.05,6.05,0.0,0.0,190498.87,114795.249
000650.SZ,20200615,5.97,6.08,5.96,6.05,5.95,0.1,1.6807,344421.77,207747.324
000650.SZ,20200612,5.8,5.96,5.72,5.95,5.9,0.05,0.8475,197254.63,115680.796
000650.SZ,20200611,6.0,6.01,5.88,5.9,6.03,-0.13,-2.1559,207715.59,123358.092
000650.SZ,20200610,5.88,6.08,5.85,6.03,5.9,0.13,2.2034,356919.88,214192.911
000650.SZ,20200609,5.87,5.9,5.84,5.9,5.87,0.03,0.5111,117639.69,69142.255
000650.SZ,20200608,5.89,5.91,5.85,5.87,5.87,0.0,0.0,100863.67,59220.873
000650.SZ,20200605,5.88,5.91,5.83,5.87,5.88,-0.01,-0.1701,104437.56,61197.907
000650.SZ,20200604,5.89,5.91,5.83,5.88,5.9,-0.02,-0.339,138520.82,81145.511
000650.SZ,20200603,5.89,6.05,5.88,5.9,5.84,0.06,1.0274,283669.32,169227.209
000650.SZ,20200602,5.83,5.87,5.81,5.84,5.83,0.01,0.1715,130997.12,76418.223
000650.SZ,20200601,5.75,5.85,5.73,5.83,5.74,0.09,1.5679,178393.37,103606.657
000650.SZ,20200529,5.75,5.78,5.7,5.74,5.73,0.01,0.1745,88639.12,50897.271
000650.SZ,20200528,5.89,5.9,5.76,5.83,5.89,-0.06,-1.0187,100439.35,58480.953
000650.SZ,20200527,5.91,5.92,5.82,5.89,5.9,-0.01,-0.1695,93355.83,54699.516
000650.SZ,20200526,5.73,5.94,5.73,5.9,5.72,0.18,3.1469,185332.33,108789.049
000650.SZ,20200525,5.68,5.75,5.66,5.72,5.68,0.04,0.7042,92738.21,52945.461
000650.SZ,20200522,5.83,5.83,5.66,5.68,5.83,-0.15,-2.5729,205781.12,117316.979
000650.SZ,20200521,5.88,5.92,5.83,5.83,5.88,-0.05,-0.8503,135461.29,79605.378
000650.SZ,20200520,5.94,5.94,5.85,5.88,5.95,-0.07,-1.1765,156903.63,92350.575
000650.SZ,20200519,5.94,5.98,5.92,5.95,5.91,0.04,0.6768,112347.6,66736.305
000650.SZ,20200518,5.95,5.96,5.87,5.91,5.97,-0.06,-1.005,168967.02,100011.89
000650.SZ,20200515,6.01,6.04,5.96,5.97,6.0,-0.03,-0.5,131419.74,78654.041
000650.SZ,20200514,6.09,6.09,5.99,6.0,6.1,-0.1,-1.6393,160283.0,96675.363
000650.SZ,20200513,6.09,6.11,6.05,6.1,6.09,0.01,0.1642,121557.04,74032.517
