ts_code,trade_date,open,high,low,close,pre_close,change,pct_chg,vol,amount
603367.SH,20250512,13.55,13.55,13.36,13.42,13.51,-0.09,-0.6662,38727.0,51922.889
603367.SH,20250509,13.68,13.69,13.48,13.51,13.61,-0.1,-0.7348,40605.08,55110.461
603367.SH,20250508,13.37,13.72,13.36,13.61,13.41,0.2,1.4914,50670.08,68467.192
603367.SH,20250507,13.49,13.53,13.33,13.41,13.42,-0.01,-0.0745,53114.08,71323.388
603367.SH,20250506,13.5,13.51,13.36,13.42,13.42,0.0,0.0,47352.78,63514.574
603367.SH,20250430,13.47,13.54,13.41,13.42,13.47,-0.05,-0.3712,21452.0,28859.179
603367.SH,20250429,13.35,13.59,13.32,13.47,13.37,0.1,0.7479,32542.12,43935.909
603367.SH,20250428,13.47,13.55,13.25,13.37,13.47,-0.1,-0.7424,36649.44,49032.256
603367.SH,20250425,13.61,13.69,13.4,13.47,13.64,-0.17,-1.2463,36274.0,48881.895
603367.SH,20250424,13.51,13.72,13.47,13.64,13.49,0.15,1.1119,42928.0,58529.778
603367.SH,20250423,13.62,13.7,13.47,13.49,13.69,-0.2,-1.4609,42200.83,57292.24
603367.SH,20250422,13.56,13.71,13.16,13.69,13.89,-0.2,-1.4399,84788.2,113712.837
603367.SH,20250421,13.8,13.93,13.71,13.89,13.81,0.08,0.5793,30205.0,41780.454
603367.SH,20250418,13.83,13.99,13.79,13.81,13.86,-0.05,-0.3608,22806.56,31603.461
603367.SH,20250417,13.68,13.91,13.65,13.86,13.77,0.09,0.6536,21197.0,29324.804
603367.SH,20250416,13.83,13.94,13.57,13.77,13.94,-0.17,-1.2195,26825.0,36891.496
603367.SH,20250415,13.8,13.95,13.55,13.94,13.72,0.22,1.6035,38486.0,53078.843
603367.SH,20250414,13.6,13.81,13.48,13.72,13.46,0.26,1.9316,34432.0,46936.359
603367.SH,20250411,13.45,13.64,13.41,13.46,13.57,-0.11,-0.8106,28218.93,38090.697
603367.SH,20250410,13.5,13.67,13.46,13.57,13.37,0.2,1.4959,36445.14,49488.53
603367.SH,20250409,13.26,13.43,12.86,13.37,13.41,-0.04,-0.2983,52240.14,68785.737
603367.SH,20250408,12.97,13.64,12.96,13.41,12.9,0.51,3.9535,89551.0,119544.556
603367.SH,20250407,13.84,13.84,12.86,12.9,14.29,-1.39,-9.7271,91246.79,120608.922
603367.SH,20250403,14.22,14.48,14.11,14.29,14.28,0.01,0.07,48749.0,69845.593
603367.SH,20250402,14.25,14.5,14.22,14.28,14.25,0.03,0.2105,50153.99,71970.63
603367.SH,20250401,13.7,14.33,13.69,14.25,13.7,0.55,4.0146,77642.0,109811.647
603367.SH,20250331,13.93,14.06,13.59,13.7,14.0,-0.3,-2.1429,43432.0,59955.298
603367.SH,20250328,13.96,14.35,13.95,14.0,13.9,0.1,0.7194,85994.24,121592.599
603367.SH,20250327,13.8,13.94,13.68,13.9,13.77,0.13,0.9441,32960.0,45648.196
603367.SH,20250326,13.83,13.9,13.75,13.77,13.81,-0.04,-0.2896,19389.0,26772.205
603367.SH,20250325,13.75,13.82,13.61,13.81,13.71,0.1,0.7294,24401.0,33515.315
603367.SH,20250324,13.7,13.78,13.52,13.71,13.7,0.01,0.073,24529.0,33514.088
603367.SH,20250321,13.8,13.91,13.65,13.7,13.79,-0.09,-0.6526,26090.66,35922.197
603367.SH,20250320,13.96,13.96,13.76,13.79,13.9,-0.11,-0.7914,26848.82,37164.099
603367.SH,20250319,13.83,13.93,13.76,13.9,13.78,0.12,0.8708,29522.04,40892.555
603367.SH,20250318,13.62,13.96,13.62,13.78,13.63,0.15,1.1005,37503.0,51690.711
603367.SH,20250317,13.6,13.68,13.56,13.63,13.6,0.03,0.2206,24713.74,33645.359
603367.SH,20250314,13.31,13.6,13.31,13.6,13.35,0.25,1.8727,35415.82,47695.138
603367.SH,20250313,13.35,13.38,13.26,13.35,13.36,-0.01,-0.0749,25686.74,34223.238
603367.SH,20250312,13.45,13.48,13.33,13.36,13.45,-0.09,-0.6691,24005.66,32091.054
603367.SH,20250311,13.4,13.46,13.33,13.45,13.46,-0.01,-0.0743,20867.53,27959.321
603367.SH,20250310,13.33,13.5,13.32,13.46,13.35,0.11,0.824,26908.97,36186.039
603367.SH,20250307,13.36,13.44,13.31,13.35,13.36,-0.01,-0.0749,28876.38,38609.319
603367.SH,20250306,13.32,13.39,13.27,13.36,13.3,0.06,0.4511,22247.0,29665.333
603367.SH,20250305,13.5,13.51,13.28,13.3,13.49,-0.19,-1.4085,21957.72,29286.28
603367.SH,20250304,13.42,13.51,13.37,13.49,13.39,0.1,0.7468,31521.72,42427.67
603367.SH,20250303,13.19,13.42,13.19,13.39,13.19,0.2,1.5163,41205.5,55045.295
603367.SH,20250228,13.26,13.35,13.16,13.19,13.3,-0.11,-0.8271,32522.18,43083.61
603367.SH,20250227,13.21,13.31,13.14,13.3,13.21,0.09,0.6813,29670.03,39295.178
603367.SH,20250226,13.12,13.22,13.12,13.21,13.13,0.08,0.6093,24492.34,32252.821
603367.SH,20250225,13.23,13.25,13.12,13.13,13.24,-0.11,-0.8308,22056.47,29065.292
603367.SH,20250224,13.16,13.3,13.14,13.24,13.21,0.03,0.2271,22657.0,29934.328
603367.SH,20250221,13.24,13.3,13.12,13.21,13.24,-0.03,-0.2266,22093.88,29168.85
603367.SH,20250220,13.12,13.32,13.1,13.24,13.11,0.13,0.9916,22468.0,29749.616
603367.SH,20250219,13.2,13.21,13.08,13.11,13.15,-0.04,-0.3042,30258.38,39755.612
603367.SH,20250218,13.42,13.43,13.12,13.15,13.41,-0.26,-1.9389,30060.65,39918.674
603367.SH,20250217,13.39,13.5,13.31,13.41,13.39,0.02,0.1494,24630.57,33017.733
603367.SH,20250214,13.26,13.44,13.26,13.39,13.28,0.11,0.8283,23937.79,32062.311
603367.SH,20250213,13.32,13.43,13.28,13.28,13.35,-0.07,-0.5243,27490.0,36713.381
603367.SH,20250212,13.39,13.42,13.29,13.35,13.38,-0.03,-0.2242,25020.48,33396.653
603367.SH,20250211,13.43,13.46,13.33,13.38,13.47,-0.09,-0.6682,24702.6,33056.326
603367.SH,20250210,13.43,13.47,13.23,13.47,13.67,-0.2,-1.4631,60109.83,80479.162
603367.SH,20250207,13.71,13.83,13.61,13.67,13.72,-0.05,-0.3644,31967.33,43829.544
603367.SH,20250206,13.66,13.79,13.55,13.72,13.66,0.06,0.4392,30863.0,42145.939
603367.SH,20250205,13.6,13.66,13.43,13.66,13.55,0.11,0.8118,26074.0,35354.155
603367.SH,20250127,13.4,13.66,13.4,13.55,13.38,0.17,1.2706,23410.0,31745.485
603367.SH,20250124,13.34,13.38,13.18,13.38,13.36,0.02,0.1497,16561.0,22041.083
603367.SH,20250123,13.37,13.46,13.33,13.36,13.32,0.04,0.3003,18020.65,24139.058
603367.SH,20250122,13.33,13.37,13.25,13.32,13.35,-0.03,-0.2247,17360.15,23115.256
603367.SH,20250121,13.43,13.47,13.27,13.35,13.43,-0.08,-0.5957,12157.0,16215.503
603367.SH,20250120,13.37,13.46,13.32,13.43,13.28,0.15,1.1295,19930.99,26727.927
603367.SH,20250117,13.16,13.31,13.08,13.28,13.21,0.07,0.5299,17636.8,23347.151
603367.SH,20250116,13.21,13.32,13.11,13.21,13.2,0.01,0.0758,17791.0,23536.982
603367.SH,20250115,13.22,13.28,13.14,13.2,13.25,-0.05,-0.3774,14072.74,18584.097
603367.SH,20250114,12.99,13.25,12.98,13.25,12.99,0.26,2.0015,27562.74,36177.878
603367.SH,20250113,12.85,13.0,12.79,12.99,12.93,0.06,0.464,18739.49,24166.213
603367.SH,20250110,13.06,13.13,12.92,12.93,13.07,-0.14,-1.0712,22573.55,29396.274
603367.SH,20250109,13.23,13.27,13.06,13.07,13.29,-0.22,-1.6554,28148.0,36991.05
603367.SH,20250108,13.23,13.37,13.02,13.29,13.3,-0.01,-0.0752,32854.0,43484.914
603367.SH,20250107,13.68,13.68,13.16,13.3,13.78,-0.48,-3.4833,57879.76,77272.773
603367.SH,20250106,13.47,13.92,13.33,13.78,13.4,0.38,2.8358,53084.06,72664.689
603367.SH,20250103,13.41,13.72,13.32,13.4,13.36,0.04,0.2994,42180.26,57076.76
603367.SH,20250102,13.72,13.78,13.29,13.36,13.74,-0.38,-2.7656,39564.56,53443.794
603367.SH,20241231,13.99,14.08,13.72,13.74,13.99,-0.25,-1.787,30345.0,42027.627
603367.SH,20241230,13.93,14.08,13.91,13.99,14.0,-0.01,-0.0714,21664.0,30342.897
603367.SH,20241227,13.76,14.03,13.74,14.0,13.76,0.24,1.7442,30890.0,43021.661
603367.SH,20241226,13.77,13.86,13.75,13.76,13.79,-0.03,-0.2175,19925.0,27482.506
603367.SH,20241225,13.91,13.97,13.7,13.79,13.92,-0.13,-0.9339,21727.0,29949.913
603367.SH,20241224,13.77,13.97,13.69,13.92,13.73,0.19,1.3838,19961.0,27699.848
603367.SH,20241223,13.97,14.05,13.72,13.73,14.01,-0.28,-1.9986,34896.0,48411.82
603367.SH,20241220,14.05,14.13,13.98,14.01,14.04,-0.03,-0.2137,22085.0,31042.436
603367.SH,20241219,13.97,14.06,13.77,14.04,14.05,-0.01,-0.0712,30756.0,42771.933
603367.SH,20241218,14.0,14.15,13.99,14.05,14.0,0.05,0.3571,24805.1,34918.538
603367.SH,20241217,14.36,14.49,13.96,14.0,14.44,-0.44,-3.0471,43228.5,61026.418
603367.SH,20241216,14.5,14.68,14.36,14.44,14.5,-0.06,-0.4138,28050.0,40703.02
603367.SH,20241213,14.71,14.74,14.47,14.5,14.77,-0.27,-1.828,40644.0,59385.722
603367.SH,20241212,14.55,14.77,14.49,14.77,14.55,0.22,1.512,42471.0,62382.71
603367.SH,20241211,14.4,14.62,14.36,14.55,14.42,0.13,0.9015,31236.0,45345.588
603367.SH,20241210,14.8,14.83,14.38,14.42,14.53,-0.11,-0.7571,52337.7,76387.256
603367.SH,20241209,14.59,14.74,14.45,14.53,14.62,-0.09,-0.6156,34842.0,50823.591
603367.SH,20241206,14.32,14.62,14.32,14.62,14.4,0.22,1.5278,43490.15,63159.906
603367.SH,20241205,14.35,14.42,14.2,14.4,14.37,0.03,0.2088,25745.56,36850.772
603367.SH,20241204,14.48,14.58,14.32,14.37,14.5,-0.13,-0.8966,34286.75,49618.208
603367.SH,20241203,14.49,14.58,14.42,14.5,14.53,-0.03,-0.2065,32704.74,47369.562
603367.SH,20241202,14.6,14.6,14.48,14.53,14.51,0.02,0.1378,35289.0,51281.159
603367.SH,20241129,14.3,14.57,14.3,14.51,14.37,0.14,0.9743,36222.65,52502.606
603367.SH,20241128,14.35,14.56,14.3,14.37,14.38,-0.01,-0.0695,26168.75,37737.241
603367.SH,20241127,14.16,14.38,13.91,14.38,14.14,0.24,1.6973,31946.0,45244.083
603367.SH,20241126,14.12,14.38,14.06,14.14,14.2,-0.06,-0.4225,28438.0,40539.233
603367.SH,20241125,13.92,14.22,13.92,14.2,14.01,0.19,1.3562,33127.0,46712.425
603367.SH,20241122,14.56,14.62,14.0,14.01,14.55,-0.54,-3.7113,51667.97,73876.693
603367.SH,20241121,14.75,14.86,14.6,14.77,14.71,0.06,0.4079,45946.13,67654.507
603367.SH,20241120,14.38,14.72,14.36,14.71,14.41,0.3,2.0819,49379.93,72028.063
603367.SH,20241119,14.35,14.5,14.18,14.41,14.33,0.08,0.5583,49816.5,71571.576
603367.SH,20241118,14.42,14.7,14.26,14.33,14.3,0.03,0.2098,61159.56,88592.861
603367.SH,20241115,14.57,14.59,14.26,14.3,14.46,-0.16,-1.1065,45508.0,65632.846
603367.SH,20241114,14.71,14.79,14.41,14.46,14.71,-0.25,-1.6995,38732.2,56661.732
603367.SH,20241113,14.79,14.92,14.45,14.71,14.79,-0.08,-0.5409,46717.0,68465.33
603367.SH,20241112,14.85,15.27,14.66,14.79,14.89,-0.1,-0.6716,74908.39,112340.727
603367.SH,20241111,14.76,14.91,14.56,14.89,14.77,0.12,0.8125,55861.03,82277.824
603367.SH,20241108,14.7,14.96,14.5,14.77,14.63,0.14,0.9569,70215.39,103378.694
603367.SH,20241107,14.17,14.65,14.12,14.63,14.22,0.41,2.8833,70027.63,101553.304
603367.SH,20241106,14.35,14.39,14.17,14.22,14.37,-0.15,-1.0438,58124.31,82957.336
603367.SH,20241105,14.17,14.4,14.06,14.37,14.25,0.12,0.8421,60436.45,86243.971
603367.SH,20241104,13.95,14.26,13.86,14.25,13.99,0.26,1.8585,50985.59,72049.522
603367.SH,20241101,13.92,14.15,13.77,13.99,13.98,0.01,0.0715,57486.09,80349.419
603367.SH,20241031,13.76,14.02,13.72,13.98,13.76,0.22,1.5988,46368.78,64512.289
603367.SH,20241030,13.95,14.06,13.63,13.76,13.95,-0.19,-1.362,48487.0,67090.022
603367.SH,20241029,14.21,14.41,13.9,13.95,14.05,-0.1,-0.7117,69452.38,98002.234
603367.SH,20241028,13.72,14.05,13.65,14.05,13.75,0.3,2.1818,48816.0,67708.301
603367.SH,20241025,13.67,13.8,13.54,13.75,13.63,0.12,0.8804,47532.0,65006.285
603367.SH,20241024,13.53,13.76,13.51,13.63,13.58,0.05,0.3682,38077.18,51971.584
603367.SH,20241023,13.68,13.73,13.53,13.58,13.64,-0.06,-0.4399,46945.0,63958.85
603367.SH,20241022,13.42,13.67,13.39,13.64,13.41,0.23,1.7151,47628.32,64617.739
603367.SH,20241021,13.39,13.46,13.24,13.41,13.36,0.05,0.3743,50051.12,66827.127
603367.SH,20241018,13.07,13.54,13.04,13.36,13.1,0.26,1.9847,60825.86,80728.418
603367.SH,20241017,13.25,13.3,13.1,13.1,13.23,-0.13,-0.9826,32526.31,42976.972
603367.SH,20241016,13.12,13.3,13.08,13.23,13.25,-0.02,-0.1509,40967.54,53995.52
603367.SH,20241015,13.48,13.53,13.25,13.25,13.46,-0.21,-1.5602,43314.43,57867.487
603367.SH,20241014,13.36,13.53,13.08,13.46,13.33,0.13,0.9752,53743.88,71692.693
603367.SH,20241011,13.89,13.92,13.23,13.33,13.89,-0.56,-4.0317,63400.0,85702.647
603367.SH,20241010,14.05,14.37,13.74,13.89,14.0,-0.11,-0.7857,81374.66,114195.124
603367.SH,20241009,14.69,14.8,13.92,14.0,14.98,-0.98,-6.5421,88876.88,127280.993
603367.SH,20241008,15.77,15.77,14.25,14.98,14.4,0.58,4.0278,126703.62,189578.838
603367.SH,20240930,13.81,14.58,13.45,14.4,13.41,0.99,7.3826,113909.11,160464.837
603367.SH,20240927,13.1,13.43,13.1,13.41,12.94,0.47,3.6321,36956.0,49127.523
603367.SH,20240926,12.5,12.94,12.48,12.94,12.55,0.39,3.1076,38909.73,49570.071
603367.SH,20240925,12.49,12.79,12.49,12.55,12.32,0.23,1.8669,50793.07,64267.719
603367.SH,20240924,11.91,12.32,11.9,12.32,11.85,0.47,3.9662,34680.17,42121.021
603367.SH,20240923,11.88,11.97,11.82,11.85,11.83,0.02,0.1691,17528.58,20815.036
603367.SH,20240920,12.06,12.06,11.77,11.83,12.06,-0.23,-1.9071,21426.93,25446.589
603367.SH,20240919,11.93,12.18,11.85,12.06,11.9,0.16,1.3445,19234.55,23167.742
603367.SH,20240918,11.91,11.97,11.7,11.9,11.91,-0.01,-0.084,18632.0,22041.216
603367.SH,20240913,12.08,12.14,11.86,11.91,12.08,-0.17,-1.4073,22332.13,26725.856
603367.SH,20240912,12.25,12.36,12.07,12.08,12.23,-0.15,-1.2265,21357.89,26048.85
603367.SH,20240911,12.16,12.3,12.08,12.23,12.2,0.03,0.2459,21667.0,26443.687
603367.SH,20240910,12.29,12.33,12.01,12.2,12.28,-0.08,-0.6515,23273.0,28246.367
603367.SH,20240909,12.37,12.45,12.22,12.28,12.37,-0.09,-0.7276,24560.0,30201.455
603367.SH,20240906,12.53,12.61,12.36,12.37,12.58,-0.21,-1.6693,20353.0,25332.647
603367.SH,20240905,12.45,12.64,12.45,12.58,12.45,0.13,1.0442,28384.0,35672.718
603367.SH,20240904,12.52,12.63,12.42,12.45,12.59,-0.14,-1.112,30240.0,37886.783
603367.SH,20240903,12.5,12.75,12.46,12.59,12.5,0.09,0.72,33439.66,42163.121
603367.SH,20240902,12.96,12.98,12.46,12.5,13.05,-0.55,-4.2146,66645.31,84401.853
603367.SH,20240830,12.86,13.22,12.82,13.05,12.85,0.2,1.5564,54356.0,71072.013
603367.SH,20240829,12.79,12.94,12.67,12.85,12.87,-0.02,-0.1554,42309.02,54272.92
603367.SH,20240828,13.12,13.14,12.55,12.87,13.21,-0.34,-2.5738,48584.0,62417.959
603367.SH,20240827,13.11,13.28,13.07,13.21,13.13,0.08,0.6093,23473.0,31012.086
603367.SH,20240826,13.13,13.2,12.95,13.13,13.14,-0.01,-0.0761,20687.0,27057.391
603367.SH,20240823,13.14,13.23,13.04,13.14,13.14,0.0,0.0,21547.0,28262.273
603367.SH,20240822,13.22,13.29,13.1,13.14,13.22,-0.08,-0.6051,14455.0,19039.687
603367.SH,20240821,13.4,13.4,13.2,13.22,13.41,-0.19,-1.4169,16090.0,21343.554
603367.SH,20240820,13.63,13.63,13.32,13.41,13.61,-0.2,-1.4695,22702.0,30455.258
603367.SH,20240819,13.59,13.73,13.55,13.61,13.62,-0.01,-0.0734,27618.0,37669.131
603367.SH,20240816,13.64,13.7,13.48,13.62,13.64,-0.02,-0.1466,23728.0,32273.03
603367.SH,20240815,13.49,13.71,13.49,13.64,13.51,0.13,0.9623,24144.0,32882.916
603367.SH,20240814,13.6,13.63,13.44,13.51,13.67,-0.16,-1.1704,25740.0,34801.168
603367.SH,20240813,13.75,13.89,13.48,13.67,13.61,0.06,0.4409,38244.04,52072.196
603367.SH,20240812,13.46,13.77,13.37,13.61,13.41,0.2,1.4914,28266.0,38521.132
603367.SH,20240809,13.66,13.72,13.4,13.41,13.62,-0.21,-1.5419,22184.0,29986.921
603367.SH,20240808,13.51,13.72,13.42,13.62,13.53,0.09,0.6652,27914.45,37968.759
603367.SH,20240807,13.54,13.66,13.41,13.53,13.6,-0.07,-0.5147,35778.0,48386.57
603367.SH,20240806,13.24,13.61,13.24,13.6,13.15,0.45,3.4221,37828.01,50877.987
603367.SH,20240805,13.25,13.57,13.15,13.15,13.29,-0.14,-1.0534,40356.77,54001.929
603367.SH,20240802,13.15,13.48,13.08,13.29,13.23,0.06,0.4535,34977.0,46703.51
603367.SH,20240801,13.39,13.44,13.17,13.23,13.32,-0.09,-0.6757,36139.0,48038.499
603367.SH,20240731,12.88,13.35,12.81,13.32,12.9,0.42,3.2558,35529.37,46832.17
603367.SH,20240730,12.76,12.95,12.73,12.9,12.81,0.09,0.7026,19823.0,25493.783
603367.SH,20240729,13.12,13.16,12.78,12.81,13.13,-0.32,-2.4372,33269.71,42917.718
603367.SH,20240726,12.98,13.18,12.98,13.13,12.99,0.14,1.0778,18756.71,24592.759
603367.SH,20240725,12.92,13.15,12.85,12.99,12.96,0.03,0.2315,18375.71,23860.21
603367.SH,20240724,13.08,13.2,12.96,12.96,13.12,-0.16,-1.2195,20295.0,26496.792
603367.SH,20240723,13.52,13.56,13.11,13.12,13.56,-0.44,-3.2448,43829.0,58103.23
603367.SH,20240722,13.51,13.7,13.42,13.56,13.56,0.0,0.0,19655.0,26638.54
603367.SH,20240719,13.6,13.66,13.46,13.56,13.62,-0.06,-0.4405,17016.38,23073.112
603367.SH,20240718,13.43,13.63,13.35,13.62,13.53,0.09,0.6652,22113.0,29835.646
603367.SH,20240717,13.4,13.57,13.32,13.53,13.43,0.1,0.7446,32179.0,43248.416
603367.SH,20240716,13.71,13.72,13.32,13.43,13.72,-0.29,-2.1137,39961.0,53695.655
603367.SH,20240715,13.91,13.91,13.64,13.72,13.88,-0.16,-1.1527,19919.0,27324.597
603367.SH,20240712,14.0,14.13,13.77,13.88,14.06,-0.18,-1.2802,29650.0,41258.315
603367.SH,20240711,13.79,14.09,13.74,14.06,13.63,0.43,3.1548,34091.35,47622.591
603367.SH,20240710,13.81,13.9,13.58,13.63,13.96,-0.33,-2.3639,23458.0,32198.059
603367.SH,20240709,13.6,13.98,13.44,13.96,13.74,0.22,1.6012,27099.0,37170.786
603367.SH,20240708,14.05,14.07,13.68,13.74,14.03,-0.29,-2.067,26698.0,37008.942
603367.SH,20240705,13.6,14.04,13.48,14.03,13.64,0.39,2.8592,31592.8,43497.726
603367.SH,20240704,13.86,14.07,13.59,13.64,13.91,-0.27,-1.941,27263.92,37418.775
603367.SH,20240703,14.15,14.21,13.87,13.91,14.16,-0.25,-1.7655,22875.34,31997.268
603367.SH,20240702,14.3,14.4,14.1,14.16,14.35,-0.19,-1.324,28986.7,41118.966
603367.SH,20240701,13.94,14.39,13.78,14.35,13.94,0.41,2.9412,36411.99,51405.039
603367.SH,20240628,13.78,14.02,13.78,13.94,13.84,0.1,0.7225,28543.57,39798.66
603367.SH,20240627,14.12,14.23,13.84,13.84,14.11,-0.27,-1.9135,28785.92,40261.289
603367.SH,20240626,14.27,14.56,14.19,14.55,14.28,0.27,1.8908,34049.0,48934.806
603367.SH,20240625,14.09,14.58,14.09,14.28,14.27,0.01,0.0701,36381.92,52193.711
603367.SH,20240624,14.54,14.67,14.22,14.27,14.62,-0.35,-2.394,35103.0,50500.374
603367.SH,20240621,14.4,14.76,14.35,14.62,14.38,0.24,1.669,31542.0,46181.594
603367.SH,20240620,15.0,15.0,14.36,14.38,14.83,-0.45,-3.0344,36833.0,53667.275
603367.SH,20240619,14.89,15.04,14.83,14.83,14.86,-0.03,-0.2019,34762.0,51934.689
603367.SH,20240618,14.84,15.04,14.77,14.86,14.83,0.03,0.2023,29545.5,43982.586
603367.SH,20240617,14.75,15.11,14.73,14.83,14.83,0.0,0.0,33039.0,49264.452
603367.SH,20240614,14.82,15.07,14.78,14.83,15.1,-0.27,-1.7881,44055.2,65628.941
603367.SH,20240613,15.52,15.59,15.04,15.1,15.57,-0.47,-3.0186,40998.0,62745.209
603367.SH,20240612,15.5,15.71,15.49,15.57,15.6,-0.03,-0.1923,30001.0,46769.112
603367.SH,20240611,15.46,15.69,15.3,15.6,15.52,0.08,0.5155,32413.0,50104.846
603367.SH,20240607,15.19,15.56,15.19,15.52,15.17,0.35,2.3072,31079.56,47905.134
603367.SH,20240606,15.52,15.52,15.0,15.17,15.43,-0.26,-1.685,32563.0,49508.746
603367.SH,20240605,15.63,15.76,15.41,15.43,15.69,-0.26,-1.6571,27296.85,42614.649
603367.SH,20240604,15.38,15.74,15.32,15.69,15.4,0.29,1.8831,28964.0,45064.493
603367.SH,20240603,15.63,15.74,15.33,15.4,15.63,-0.23,-1.4715,29625.0,45913.723
603367.SH,20240531,15.66,15.73,15.56,15.63,15.62,0.01,0.064,20494.64,32067.093
603367.SH,20240530,15.52,15.76,15.48,15.62,15.63,-0.01,-0.064,20814.0,32520.595
603367.SH,20240529,15.48,15.83,15.48,15.63,15.58,0.05,0.3209,27700.0,43398.319
603367.SH,20240528,15.74,15.77,15.51,15.58,15.75,-0.17,-1.0794,25961.0,40536.305
603367.SH,20240527,15.55,15.77,15.38,15.75,15.56,0.19,1.2211,31033.0,48369.603
603367.SH,20240524,15.73,15.87,15.55,15.56,15.8,-0.24,-1.519,28060.0,44064.003
603367.SH,20240523,16.18,16.18,15.69,15.8,16.19,-0.39,-2.4089,39338.0,62481.689
603367.SH,20240522,16.23,16.33,16.16,16.19,16.23,-0.04,-0.2465,21501.0,34886.531
603367.SH,20240521,16.4,16.4,16.08,16.23,16.42,-0.19,-1.1571,33546.1,54438.098
603367.SH,20240520,16.28,16.5,16.16,16.42,16.34,0.08,0.4896,32695.02,53383.264
603367.SH,20240517,16.45,16.47,16.14,16.34,16.3,0.04,0.2454,28268.55,45919.504
603367.SH,20240516,16.46,16.6,16.27,16.3,16.46,-0.16,-0.9721,31090.0,50951.486
603367.SH,20240515,16.69,16.73,16.43,16.46,16.62,-0.16,-0.9627,28251.15,46877.363
603367.SH,20240514,16.56,16.74,16.53,16.62,16.6,0.02,0.1205,34968.84,58154.6
603367.SH,20240513,16.41,16.75,16.25,16.6,16.51,0.09,0.5451,55466.28,91702.533
603367.SH,20240510,16.87,16.87,16.45,16.51,17.24,-0.73,-4.2343,89652.03,148653.587
603367.SH,20240509,16.9,17.45,16.72,17.24,16.74,0.5,2.9869,65967.02,113531.63
603367.SH,20240508,16.71,16.95,16.66,16.74,16.76,-0.02,-0.1193,38801.64,65199.464
603367.SH,20240507,16.59,16.85,16.44,16.76,16.6,0.16,0.9639,46945.08,78249.028
603367.SH,20240506,16.2,16.64,16.13,16.6,16.03,0.57,3.5558,62976.53,103233.239
603367.SH,20240430,15.85,16.16,15.75,16.03,15.84,0.19,1.1995,41742.02,66737.08
603367.SH,20240429,15.89,15.97,15.75,15.84,15.88,-0.04,-0.2519,45409.33,71999.445
603367.SH,20240426,16.14,16.14,15.79,15.88,16.08,-0.2,-1.2438,52653.87,83667.973
603367.SH,20240425,16.0,16.35,15.87,16.08,15.95,0.13,0.815,63338.5,102357.754
603367.SH,20240424,15.58,16.0,15.34,15.95,15.49,0.46,2.9697,67411.15,105973.047
603367.SH,20240423,15.4,15.76,15.32,15.49,15.24,0.25,1.6404,104235.0,162461.287
603367.SH,20240422,14.85,15.33,14.76,15.24,14.85,0.39,2.6263,42862.0,64834.347
603367.SH,20240419,14.73,14.92,14.63,14.85,14.77,0.08,0.5416,23979.39,35433.853
603367.SH,20240418,14.97,15.08,14.73,14.77,14.98,-0.21,-1.4019,29234.81,43646.664
603367.SH,20240417,14.7,15.05,14.67,14.98,14.62,0.36,2.4624,38707.6,57530.659
603367.SH,20240416,14.95,15.15,14.52,14.62,15.12,-0.5,-3.3069,44347.75,65359.598
603367.SH,20240415,15.12,15.43,14.87,15.12,15.19,-0.07,-0.4608,32042.08,48524.612
603367.SH,20240412,15.27,15.46,15.09,15.19,15.27,-0.08,-0.5239,30626.52,46740.987
603367.SH,20240411,14.68,15.4,14.64,15.27,14.82,0.45,3.0364,40625.0,61680.392
603367.SH,20240410,15.05,15.09,14.72,14.82,14.99,-0.17,-1.1341,20104.6,29891.394
603367.SH,20240409,14.6,14.99,14.52,14.99,14.66,0.33,2.251,25555.0,37781.981
603367.SH,20240408,14.94,15.05,14.62,14.66,14.96,-0.3,-2.0053,33503.01,49735.562
603367.SH,20240403,14.77,15.02,14.72,14.96,14.82,0.14,0.9447,27262.13,40603.41
603367.SH,20240402,14.71,14.95,14.65,14.82,14.75,0.07,0.4746,29557.69,43764.827
603367.SH,20240401,14.41,14.75,14.41,14.75,14.36,0.39,2.7159,28445.67,41642.299
603367.SH,20240329,14.27,14.37,14.13,14.36,14.24,0.12,0.8427,16660.0,23736.943
603367.SH,20240328,14.03,14.29,13.8,14.24,14.0,0.24,1.7143,22609.99,31950.119
603367.SH,20240327,14.15,14.29,13.98,14.0,14.1,-0.1,-0.7092,22554.0,31901.862
603367.SH,20240326,14.05,14.15,13.94,14.1,14.1,0.0,0.0,16056.0,22561.509
603367.SH,20240325,14.09,14.39,14.09,14.1,14.15,-0.05,-0.3534,25793.0,36778.643
603367.SH,20240322,14.5,14.52,14.0,14.15,14.51,-0.36,-2.481,33355.0,47267.765
603367.SH,20240321,14.5,14.63,14.43,14.51,14.6,-0.09,-0.6164,23682.21,34436.016
603367.SH,20240320,14.61,14.63,14.46,14.6,14.55,0.05,0.3436,19299.0,28070.666
603367.SH,20240319,14.5,14.69,14.41,14.55,14.47,0.08,0.5529,24913.03,36255.732
603367.SH,20240318,14.31,14.48,14.27,14.47,14.36,0.11,0.766,28066.93,40383.799
603367.SH,20240315,14.39,14.65,14.2,14.36,14.43,-0.07,-0.4851,32461.83,46659.76
603367.SH,20240314,14.29,14.77,14.27,14.43,14.17,0.26,1.8349,51027.0,73928.676
603367.SH,20240313,14.2,14.24,13.99,14.17,14.21,-0.04,-0.2815,18981.0,26764.435
603367.SH,20240312,14.09,14.27,14.06,14.21,14.04,0.17,1.2108,22462.16,31839.294
603367.SH,20240311,13.78,14.04,13.7,14.04,13.77,0.27,1.9608,33525.1,46627.219
603367.SH,20240308,13.78,13.88,13.68,13.77,13.78,-0.01,-0.0726,20475.0,28169.583
603367.SH,20240307,13.93,14.0,13.76,13.78,13.93,-0.15,-1.0768,18655.0,25908.831
603367.SH,20240306,13.9,14.07,13.75,13.93,13.95,-0.02,-0.1434,17011.61,23634.677
603367.SH,20240305,14.06,14.11,13.87,13.95,14.15,-0.2,-1.4134,19178.0,26814.072
603367.SH,20240304,14.04,14.21,13.92,14.15,14.06,0.09,0.6401,27828.0,39101.392
603367.SH,20240301,14.11,14.18,13.99,14.06,14.12,-0.06,-0.4249,23105.94,32566.084
603367.SH,20240229,13.69,14.12,13.65,14.12,13.7,0.42,3.0657,27539.0,38340.727
603367.SH,20240228,14.33,14.88,13.69,13.7,14.35,-0.65,-4.5296,53969.0,77340.958
603367.SH,20240227,14.12,14.37,14.03,14.35,14.13,0.22,1.557,21289.0,30316.975
603367.SH,20240226,14.12,14.2,13.96,14.13,14.08,0.05,0.3551,23005.0,32405.913
603367.SH,20240223,13.94,14.1,13.85,14.08,13.95,0.13,0.9319,23219.0,32493.837
603367.SH,20240222,13.86,14.09,13.76,13.95,13.95,0.0,0.0,21146.9,29366.127
603367.SH,20240221,13.85,14.15,13.81,13.95,13.93,0.02,0.1436,32810.81,45968.058
603367.SH,20240220,13.57,14.04,13.55,13.93,13.67,0.26,1.902,40273.72,56000.384
603367.SH,20240219,13.63,13.81,13.48,13.67,13.59,0.08,0.5887,46822.0,63943.071
603367.SH,20240208,12.96,13.66,12.69,13.59,12.86,0.73,5.6765,57192.66,75343.262
603367.SH,20240207,12.58,13.27,12.48,12.86,12.65,0.21,1.6601,68370.72,88430.984
603367.SH,20240206,11.67,12.85,11.34,12.65,11.72,0.93,7.9352,63871.77,77308.35
603367.SH,20240205,12.24,12.3,11.38,11.72,12.51,-0.79,-6.3149,82593.42,97128.533
603367.SH,20240202,13.58,13.67,12.27,12.51,13.63,-1.12,-8.2172,118958.92,152134.426
603367.SH,20240201,13.57,14.26,13.57,13.63,13.98,-0.35,-2.5036,56257.15,77921.919
603367.SH,20240131,14.45,14.53,13.87,13.98,14.6,-0.62,-4.2466,50288.02,70958.577
603367.SH,20240130,14.75,15.15,14.56,14.6,14.78,-0.18,-1.2179,35013.0,51896.267
603367.SH,20240129,15.43,15.5,14.75,14.78,15.27,-0.49,-3.2089,41800.0,62674.803
603367.SH,20240126,15.08,15.73,14.98,15.27,15.18,0.09,0.5929,45919.0,70463.48
603367.SH,20240125,15.02,15.25,14.8,15.18,15.06,0.12,0.7968,42057.83,63418.759
603367.SH,20240124,14.75,15.15,14.31,15.06,14.64,0.42,2.8689,55670.0,82317.616
603367.SH,20240123,14.27,14.71,13.87,14.64,14.27,0.37,2.5929,60788.69,87629.785
603367.SH,20240122,15.2,15.2,14.17,14.27,15.26,-0.99,-6.4875,84402.38,124291.903
603367.SH,20240119,15.61,16.08,15.2,15.26,15.74,-0.48,-3.0496,61158.42,95334.833
603367.SH,20240118,15.49,15.74,15.19,15.74,15.6,0.14,0.8974,68510.95,105836.413
603367.SH,20240117,15.9,16.41,15.59,15.6,15.93,-0.33,-2.0716,56218.5,89498.208
603367.SH,20240116,16.02,16.03,15.63,15.93,16.21,-0.28,-1.7273,69928.61,110777.809
603367.SH,20240115,15.41,16.25,15.4,16.21,15.43,0.78,5.0551,120758.12,193627.186
603367.SH,20240112,15.22,15.95,15.22,15.43,15.33,0.1,0.6523,79635.13,124581.004
603367.SH,20240111,15.34,15.44,15.12,15.33,15.33,0.0,0.0,48119.0,73488.49
603367.SH,20240110,15.28,15.52,15.11,15.33,15.35,-0.02,-0.1303,93720.92,144051.783
603367.SH,20240109,14.75,15.4,14.71,15.35,14.78,0.57,3.8566,101988.81,155177.246
603367.SH,20240108,14.8,15.08,14.72,14.78,14.93,-0.15,-1.0047,69069.0,102626.536
603367.SH,20240105,14.93,15.19,14.77,14.93,14.97,-0.04,-0.2672,71729.0,107598.289
603367.SH,20240104,15.19,15.19,14.86,14.97,15.19,-0.22,-1.4483,49112.9,73446.284
603367.SH,20240103,14.8,15.41,14.78,15.19,14.9,0.29,1.9463,77973.0,118518.63
603367.SH,20240102,14.6,15.01,14.37,14.9,14.64,0.26,1.776,69495.9,102071.642
603367.SH,20231229,14.62,14.83,14.54,14.64,14.65,-0.01,-0.0683,51197.79,75117.597
603367.SH,20231228,14.5,14.71,14.2,14.65,14.45,0.2,1.3841,54558.0,79382.918
603367.SH,20231227,14.03,14.55,14.03,14.45,14.08,0.37,2.6278,65971.5,94589.518
603367.SH,20231226,14.85,14.86,14.01,14.08,14.79,-0.71,-4.8005,86267.23,123323.132
603367.SH,20231225,15.05,15.05,14.64,14.79,15.05,-0.26,-1.7276,78306.0,115828.944
603367.SH,20231222,14.68,15.28,14.52,15.05,14.62,0.43,2.9412,113204.0,169183.111
603367.SH,20231221,14.4,14.64,13.94,14.62,14.5,0.12,0.8276,72274.89,103370.955
603367.SH,20231220,14.66,14.82,14.47,14.5,14.64,-0.14,-0.9563,31745.5,46468.71
603367.SH,20231219,14.83,14.88,14.43,14.64,14.83,-0.19,-1.2812,57449.5,83765.721
603367.SH,20231218,14.86,15.05,14.66,14.83,14.86,-0.03,-0.2019,59724.82,88983.04
603367.SH,20231215,15.11,15.36,14.77,14.86,15.13,-0.27,-1.7845,86868.0,130249.876
603367.SH,20231214,14.71,15.68,14.7,15.13,14.82,0.31,2.0918,125446.8,191571.391
603367.SH,20231213,14.34,15.26,14.27,14.82,14.32,0.5,3.4916,107398.91,159884.665
603367.SH,20231212,14.36,14.44,14.28,14.32,14.37,-0.05,-0.3479,29800.0,42736.364
603367.SH,20231211,14.17,14.41,14.03,14.37,14.23,0.14,0.9838,42056.28,59860.865
603367.SH,20231208,14.35,14.51,14.18,14.23,14.44,-0.21,-1.4543,39366.58,56289.778
603367.SH,20231207,14.55,14.77,14.36,14.44,14.55,-0.11,-0.756,35772.6,51724.689
603367.SH,20231206,14.4,14.65,14.23,14.55,14.43,0.12,0.8316,38084.32,55075.426
603367.SH,20231205,14.49,14.64,14.39,14.43,14.52,-0.09,-0.6198,37580.4,54479.269
603367.SH,20231204,14.65,14.69,14.41,14.52,14.68,-0.16,-1.0899,37426.0,54462.844
603367.SH,20231201,14.6,14.92,14.53,14.68,14.52,0.16,1.1019,49676.87,73013.624
603367.SH,20231130,14.36,14.54,14.3,14.52,14.33,0.19,1.3259,39070.4,56441.361
603367.SH,20231129,14.45,14.55,14.31,14.33,14.52,-0.19,-1.3085,34101.01,49134.832
603367.SH,20231128,14.33,14.58,14.08,14.52,14.37,0.15,1.0438,59348.96,85202.967
603367.SH,20231127,14.67,14.74,14.26,14.37,14.57,-0.2,-1.3727,68767.2,99027.291
603367.SH,20231124,14.45,14.64,14.39,14.57,14.44,0.13,0.9003,63887.0,92908.41
603367.SH,20231123,14.21,14.46,14.21,14.44,14.25,0.19,1.3333,43696.74,62813.926
603367.SH,20231122,14.33,14.35,14.23,14.25,14.28,-0.03,-0.2101,28742.86,41059.216
603367.SH,20231121,14.38,14.44,14.27,14.28,14.34,-0.06,-0.4184,33634.0,48286.088
603367.SH,20231120,14.25,14.44,14.21,14.34,14.18,0.16,1.1283,40907.86,58678.282
603367.SH,20231117,14.02,14.23,14.02,14.18,14.06,0.12,0.8535,29245.0,41354.116
603367.SH,20231116,14.13,14.18,14.04,14.06,14.16,-0.1,-0.7062,23584.0,33222.389
603367.SH,20231115,14.22,14.24,14.05,14.16,14.14,0.02,0.1414,28959.0,40931.43
603367.SH,20231114,14.21,14.28,14.05,14.14,14.25,-0.11,-0.7719,40860.54,57773.402
603367.SH,20231113,14.2,14.37,14.1,14.25,14.22,0.03,0.211,39040.9,55521.439
603367.SH,20231110,13.96,14.26,13.88,14.22,14.09,0.13,0.9226,45075.42,63738.706
603367.SH,20231109,14.15,14.26,14.04,14.09,14.16,-0.07,-0.4944,34121.0,48176.427
603367.SH,20231108,14.1,14.31,14.08,14.16,14.13,0.03,0.2123,34794.47,49428.241
603367.SH,20231107,14.28,14.29,14.1,14.13,14.25,-0.12,-0.8421,43837.0,62163.588
603367.SH,20231106,13.99,14.34,13.98,14.25,13.93,0.32,2.2972,59943.0,85085.919
603367.SH,20231103,14.0,14.06,13.89,13.93,13.99,-0.06,-0.4289,33048.17,46165.798
603367.SH,20231102,14.08,14.19,13.94,13.99,14.15,-0.16,-1.1307,38693.15,54347.129
603367.SH,20231101,14.28,14.28,14.07,14.15,14.28,-0.13,-0.9104,53358.0,75495.775
603367.SH,20231031,14.03,14.46,13.93,14.28,14.07,0.21,1.4925,86034.6,122210.609
603367.SH,20231030,14.0,14.33,13.9,14.07,13.98,0.09,0.6438,110773.5,156928.433
603367.SH,20231027,13.03,14.25,13.02,13.98,12.95,1.03,7.9537,154905.94,214674.407
603367.SH,20231026,12.72,12.97,12.72,12.95,12.86,0.09,0.6998,23820.12,30684.174
603367.SH,20231025,12.91,13.01,12.83,12.86,12.83,0.03,0.2338,25319.0,32706.317
603367.SH,20231024,12.57,12.86,12.56,12.83,12.59,0.24,1.9063,30534.83,38888.691
603367.SH,20231023,12.76,12.84,12.55,12.59,12.84,-0.25,-1.947,34522.0,43604.104
603367.SH,20231020,12.81,12.92,12.78,12.84,12.87,-0.03,-0.2331,27214.73,34936.104
603367.SH,20231019,13.01,13.04,12.82,12.87,13.02,-0.15,-1.1521,27430.39,35459.559
603367.SH,20231018,13.33,13.34,13.0,13.02,13.35,-0.33,-2.4719,30611.17,40162.808
603367.SH,20231017,13.58,13.58,13.23,13.35,13.47,-0.12,-0.8909,42570.36,56688.859
603367.SH,20231016,13.63,13.84,13.44,13.47,13.63,-0.16,-1.1739,39902.26,54129.308
603367.SH,20231013,13.52,13.73,13.47,13.63,13.58,0.05,0.3682,34281.0,46840.3
603367.SH,20231012,13.54,13.74,13.51,13.58,13.52,0.06,0.4438,30459.99,41410.143
603367.SH,20231011,13.33,13.68,13.32,13.52,13.32,0.2,1.5015,47290.51,64113.485
603367.SH,20231010,13.68,13.7,13.28,13.32,13.69,-0.37,-2.7027,38418.67,51523.496
603367.SH,20231009,13.61,13.78,13.55,13.69,13.67,0.02,0.1463,48468.5,66367.133
603367.SH,20230928,13.66,13.8,13.55,13.67,13.61,0.06,0.4409,34118.51,46666.734
603367.SH,20230927,13.39,13.65,13.37,13.61,13.36,0.25,1.8713,41608.0,56308.889
603367.SH,20230926,13.38,13.49,13.35,13.36,13.45,-0.09,-0.6691,25790.0,34624.728
603367.SH,20230925,13.48,13.55,13.34,13.45,13.41,0.04,0.2983,40355.84,54261.084
603367.SH,20230922,13.27,13.43,13.13,13.41,13.22,0.19,1.4372,35210.84,46797.247
603367.SH,20230921,13.36,13.38,13.2,13.22,13.35,-0.13,-0.9738,28134.0,37388.359
603367.SH,20230920,13.43,13.51,13.3,13.35,13.41,-0.06,-0.4474,30893.4,41455.527
603367.SH,20230919,13.6,13.6,13.36,13.41,13.42,-0.01,-0.0745,33618.14,45220.214
603367.SH,20230918,13.34,13.48,13.31,13.42,13.39,0.03,0.224,29232.23,39142.604
603367.SH,20230915,13.26,13.5,13.16,13.39,13.23,0.16,1.2094,44885.23,59967.009
603367.SH,20230914,13.12,13.28,13.11,13.23,13.16,0.07,0.5319,26141.96,34498.836
603367.SH,20230913,13.27,13.3,13.05,13.16,13.28,-0.12,-0.9036,33885.57,44577.816
603367.SH,20230912,13.11,13.35,13.08,13.28,13.11,0.17,1.2967,44230.6,58638.69
603367.SH,20230911,12.97,13.18,12.92,13.11,12.92,0.19,1.4706,60140.58,78774.987
603367.SH,20230908,12.89,12.98,12.85,12.92,12.94,-0.02,-0.1546,21561.78,27854.604
603367.SH,20230907,13.04,13.12,12.9,12.94,13.09,-0.15,-1.1459,37143.0,48293.767
603367.SH,20230906,12.99,13.16,12.96,13.09,13.01,0.08,0.6149,37121.66,48528.481
603367.SH,20230905,13.04,13.2,12.97,13.01,13.09,-0.08,-0.6112,45820.0,59903.979
603367.SH,20230904,12.91,13.14,12.77,13.09,12.86,0.23,1.7885,64331.84,83298.311
603367.SH,20230901,12.95,13.11,12.78,12.86,13.02,-0.16,-1.2289,52887.26,68141.643
603367.SH,20230831,12.91,13.06,12.81,13.02,12.94,0.08,0.6182,34670.29,44843.786
603367.SH,20230830,12.99,13.18,12.94,12.94,13.04,-0.1,-0.7669,36378.17,47389.107
603367.SH,20230829,12.57,13.07,12.57,13.04,12.61,0.43,3.41,59590.77,76724.719
603367.SH,20230828,13.05,13.17,12.6,12.61,12.57,0.04,0.3182,97601.61,126004.817
603367.SH,20230825,13.19,13.26,12.5,12.57,13.53,-0.96,-7.0953,127295.01,161263.806
603367.SH,20230824,13.37,13.63,13.31,13.53,13.37,0.16,1.1967,28687.0,38638.348
603367.SH,20230823,13.58,13.63,13.35,13.37,13.55,-0.18,-1.3284,26449.81,35647.384
603367.SH,20230822,13.56,13.68,13.36,13.55,13.58,-0.03,-0.2209,26585.0,35821.606
603367.SH,20230821,13.64,13.83,13.56,13.58,13.76,-0.18,-1.3081,32195.15,44053.972
603367.SH,20230818,13.99,14.05,13.76,13.76,13.96,-0.2,-1.4327,29281.42,40719.858
603367.SH,20230817,14.01,14.04,13.86,13.96,14.03,-0.07,-0.4989,24369.0,33957.413
603367.SH,20230816,14.03,14.25,13.98,14.03,14.15,-0.12,-0.8481,31254.8,44163.915
603367.SH,20230815,14.03,14.19,13.94,14.15,14.06,0.09,0.6401,22126.98,31186.11
603367.SH,20230814,13.88,14.07,13.78,14.06,13.95,0.11,0.7885,27390.82,38154.48
603367.SH,20230811,14.14,14.25,13.92,13.95,14.14,-0.19,-1.3437,42206.6,59497.345
603367.SH,20230810,14.13,14.19,14.05,14.14,14.11,0.03,0.2126,21195.99,29896.259
603367.SH,20230809,14.16,14.26,14.01,14.11,14.15,-0.04,-0.2827,26905.8,38018.422
603367.SH,20230808,13.97,14.18,13.96,14.15,14.01,0.14,0.9993,24449.0,34495.441
603367.SH,20230807,14.45,14.46,13.98,14.01,14.46,-0.45,-3.112,40373.0,56963.352
603367.SH,20230804,14.51,14.67,14.46,14.46,14.62,-0.16,-1.0944,25640.74,37352.96
603367.SH,20230803,14.49,14.64,14.44,14.62,14.5,0.12,0.8276,29484.49,42900.798
603367.SH,20230802,14.47,14.63,14.43,14.5,14.56,-0.06,-0.4121,30965.36,44943.321
603367.SH,20230801,14.64,14.75,14.45,14.56,14.64,-0.08,-0.5464,43426.54,63217.629
603367.SH,20230731,15.02,15.2,14.62,14.64,15.09,-0.45,-2.9821,46258.68,68624.012
603367.SH,20230728,14.96,15.15,14.91,15.09,15.04,0.05,0.3324,20054.2,30169.12
603367.SH,20230727,14.99,15.09,14.93,15.04,15.04,0.0,0.0,27014.47,40578.748
603367.SH,20230726,15.12,15.27,14.99,15.04,15.2,-0.16,-1.0526,23989.45,36247.305
603367.SH,20230725,15.2,15.26,15.03,15.2,15.14,0.06,0.3963,20627.1,31284.984
603367.SH,20230724,14.95,15.2,14.83,15.14,14.96,0.18,1.2032,31763.0,48036.858
603367.SH,20230721,14.75,15.03,14.74,14.96,14.83,0.13,0.8766,23891.46,35763.898
603367.SH,20230720,14.91,14.98,14.81,14.83,14.91,-0.08,-0.5366,22933.79,34192.779
603367.SH,20230719,15.06,15.14,14.85,14.91,15.05,-0.14,-0.9302,22540.51,33703.394
603367.SH,20230718,15.19,15.27,15.0,15.05,15.23,-0.18,-1.1819,22072.56,33305.007
603367.SH,20230717,15.15,15.26,14.86,15.23,15.16,0.07,0.4617,20316.76,30556.444
603367.SH,20230714,15.16,15.3,15.12,15.16,15.2,-0.04,-0.2632,18138.89,27570.49
603367.SH,20230713,15.12,15.29,15.11,15.2,15.13,0.07,0.4627,20092.07,30497.635
603367.SH,20230712,15.29,15.34,15.07,15.13,15.26,-0.13,-0.8519,21071.64,32073.529
603367.SH,20230711,14.97,15.3,14.92,15.26,14.97,0.29,1.9372,25518.45,38654.276
603367.SH,20230710,15.1,15.12,14.93,14.97,15.07,-0.1,-0.6636,17172.2,25778.628
603367.SH,20230707,15.05,15.14,14.91,15.07,15.01,0.06,0.3997,17478.36,26283.62
603367.SH,20230706,14.98,15.29,14.92,15.01,15.0,0.01,0.0667,28920.0,43685.629
603367.SH,20230705,15.15,15.19,14.91,15.0,15.08,-0.08,-0.5305,25263.0,37954.702
603367.SH,20230704,15.26,15.35,14.98,15.08,15.24,-0.16,-1.0499,29582.36,44750.314
603367.SH,20230703,15.36,15.44,14.96,15.24,15.18,0.06,0.3953,43676.0,66400.313
603367.SH,20230630,14.98,15.6,14.91,15.18,14.93,0.25,1.6745,37272.75,57112.819
603367.SH,20230629,14.61,15.05,14.54,14.93,14.64,0.29,1.9809,33736.82,50203.659
603367.SH,20230628,14.5,14.7,14.41,14.64,14.56,0.08,0.5495,22140.0,32276.388
603367.SH,20230627,14.16,14.58,14.16,14.56,14.16,0.4,2.8249,24803.0,35860.822
603367.SH,20230626,14.38,14.44,14.15,14.16,14.44,-0.28,-1.9391,32455.81,46236.886
603367.SH,20230621,14.5,14.62,14.38,14.44,14.51,-0.07,-0.4824,29143.8,42251.919
603367.SH,20230620,14.72,14.92,14.49,14.51,14.79,-0.28,-1.8932,31878.0,46624.541
603367.SH,20230619,14.76,14.93,14.7,14.79,14.79,0.0,0.0,29633.02,43957.049
603367.SH,20230616,14.87,15.02,14.7,14.79,14.81,-0.02,-0.135,23888.37,35508.078
603367.SH,20230615,14.69,14.94,14.62,14.81,14.71,0.1,0.6798,24091.0,35588.38
603367.SH,20230614,14.78,14.95,14.51,14.71,14.69,0.02,0.1361,22092.0,32562.126
603367.SH,20230613,15.0,15.16,14.83,15.02,15.08,-0.06,-0.3979,46080.7,69165.983
603367.SH,20230612,15.69,15.7,14.7,15.08,15.76,-0.68,-4.3147,79507.31,119756.422
603367.SH,20230609,15.6,15.84,15.5,15.76,15.54,0.22,1.4157,22724.65,35752.147
603367.SH,20230608,15.82,15.83,15.52,15.54,15.67,-0.13,-0.8296,21523.0,33634.44
603367.SH,20230607,15.61,15.87,15.55,15.67,15.57,0.1,0.6423,27395.0,43141.73
603367.SH,20230606,16.1,16.19,15.57,15.57,16.22,-0.65,-4.0074,41688.53,65822.14
603367.SH,20230605,15.98,16.24,15.91,16.22,15.9,0.32,2.0126,41023.0,66065.885
603367.SH,20230602,15.93,16.05,15.7,15.9,15.94,-0.04,-0.2509,25772.37,41007.797
603367.SH,20230601,16.14,16.15,15.8,15.94,15.9,0.04,0.2516,41418.73,66157.941
603367.SH,20230531,15.94,16.15,15.83,15.9,15.89,0.01,0.0629,29769.63,47598.863
603367.SH,20230530,15.86,16.14,15.65,15.89,16.04,-0.15,-0.9352,28852.0,45853.773
603367.SH,20230529,15.98,16.3,15.92,16.04,15.96,0.08,0.5013,30671.88,49304.166
603367.SH,20230526,15.73,16.09,15.61,15.96,15.73,0.23,1.4622,38231.73,60809.278
603367.SH,20230525,15.76,15.87,15.55,15.73,15.88,-0.15,-0.9446,26168.86,41028.122
603367.SH,20230524,15.88,16.05,15.67,15.88,16.06,-0.18,-1.1208,39492.0,62630.622
603367.SH,20230523,15.98,16.27,15.89,16.06,16.0,0.06,0.375,43975.92,70783.011
603367.SH,20230522,15.93,16.11,15.75,16.0,15.9,0.1,0.6289,43207.28,68977.87
603367.SH,20230519,15.68,16.06,15.61,15.9,15.69,0.21,1.3384,47837.0,75990.125
603367.SH,20230518,15.8,15.89,15.6,15.69,15.82,-0.13,-0.8217,28771.0,45231.75
603367.SH,20230517,15.7,15.84,15.5,15.82,15.75,0.07,0.4444,34218.0,53674.612
603367.SH,20230516,15.75,15.92,15.51,15.75,15.61,0.14,0.8969,52187.3,82351.74
603367.SH,20230515,15.78,15.78,15.28,15.61,15.66,-0.05,-0.3193,45524.0,70515.185
603367.SH,20230512,15.68,15.89,15.44,15.66,15.68,-0.02,-0.1276,34532.73,54335.818
603367.SH,20230511,15.72,15.95,15.6,15.68,15.68,0.0,0.0,46612.0,73368.489
603367.SH,20230510,15.83,15.88,15.55,15.68,15.82,-0.14,-0.885,48262.0,75528.002
603367.SH,20230509,16.17,16.21,15.75,15.82,16.15,-0.33,-2.0433,52246.59,83078.266
603367.SH,20230508,16.37,16.4,16.1,16.15,16.41,-0.26,-1.5844,60398.03,98044.777
603367.SH,20230505,16.7,16.88,16.22,16.41,16.74,-0.33,-1.9713,81188.0,133411.593
603367.SH,20230504,16.09,16.93,16.04,16.74,16.12,0.62,3.8462,169280.09,280945.51
603367.SH,20230428,16.48,16.55,16.03,16.12,16.21,-0.09,-0.5552,262764.59,426203.449
603367.SH,20230427,15.88,16.21,15.44,16.21,14.74,1.47,9.9729,153816.72,246844.338
603367.SH,20230426,14.53,14.78,14.35,14.74,14.47,0.27,1.8659,35960.0,52637.855
603367.SH,20230425,14.8,14.81,14.26,14.47,14.76,-0.29,-1.9648,26905.93,39006.055
603367.SH,20230424,14.64,15.07,14.52,14.76,14.68,0.08,0.545,40023.0,59334.886
603367.SH,20230421,14.79,14.95,14.52,14.68,14.72,-0.04,-0.2717,26599.88,39134.994
603367.SH,20230420,14.94,14.99,14.65,14.72,14.87,-0.15,-1.0087,20078.0,29616.576
603367.SH,20230419,15.01,15.03,14.83,14.87,15.02,-0.15,-0.9987,23973.0,35812.306
603367.SH,20230418,15.04,15.13,14.86,15.02,15.04,-0.02,-0.133,27557.19,41223.012
603367.SH,20230417,14.8,15.2,14.76,15.04,14.85,0.19,1.2795,43553.88,65527.182
603367.SH,20230414,14.72,14.92,14.61,14.85,14.71,0.14,0.9517,42643.0,63044.043
603367.SH,20230413,14.34,14.71,14.2,14.71,14.3,0.41,2.8671,39114.0,56986.443
603367.SH,20230412,14.16,14.48,14.1,14.3,14.17,0.13,0.9174,22585.0,32336.068
603367.SH,20230411,14.19,14.31,14.1,14.17,14.15,0.02,0.1413,29438.0,41734.791
603367.SH,20230410,14.93,14.93,14.15,14.15,14.75,-0.6,-4.0678,52367.15,75344.968
603367.SH,20230407,14.1,14.76,14.06,14.75,14.11,0.64,4.5358,50125.22,72926.113
603367.SH,20230406,13.97,14.19,13.91,14.11,13.97,0.14,1.0021,24956.45,35168.552
603367.SH,20230404,13.92,14.08,13.8,13.97,13.91,0.06,0.4313,38401.0,53547.864
603367.SH,20230403,14.25,14.54,13.86,13.91,14.25,-0.34,-2.386,73033.45,103185.776
603367.SH,20230331,14.68,14.8,13.51,14.25,14.96,-0.71,-4.746,92252.28,130949.954
603367.SH,20230330,14.81,15.0,14.62,14.96,14.81,0.15,1.0128,31406.19,46632.139
603367.SH,20230329,15.0,15.06,14.76,14.81,15.03,-0.22,-1.4637,30044.8,44716.35
603367.SH,20230328,14.61,15.04,14.46,15.03,14.58,0.45,3.0864,41670.58,61976.607
603367.SH,20230327,14.58,14.64,14.4,14.58,14.55,0.03,0.2062,22905.9,33256.66
603367.SH,20230324,14.88,14.89,14.54,14.55,14.85,-0.3,-2.0202,40139.9,58753.285
603367.SH,20230323,14.93,15.0,14.75,14.85,14.93,-0.08,-0.5358,23124.0,34291.132
603367.SH,20230322,14.88,15.14,14.79,14.93,14.85,0.08,0.5387,27844.0,41644.241
603367.SH,20230321,14.62,14.88,14.62,14.85,14.59,0.26,1.782,23684.0,34989.356
603367.SH,20230320,14.64,14.96,14.55,14.59,14.75,-0.16,-1.0847,39608.73,58412.104
603367.SH,20230317,14.98,15.13,14.72,14.75,14.9,-0.15,-1.0067,36494.0,54214.408
603367.SH,20230316,14.84,15.1,14.78,14.9,14.82,0.08,0.5398,42173.47,63136.686
603367.SH,20230315,14.67,15.03,14.65,14.82,14.59,0.23,1.5764,38524.04,57315.594
603367.SH,20230314,14.56,14.79,14.42,14.59,14.54,0.05,0.3439,33452.83,48839.008
603367.SH,20230313,14.28,14.6,14.05,14.54,14.24,0.3,2.1067,31953.82,46118.543
603367.SH,20230310,14.31,14.33,14.1,14.24,14.36,-0.12,-0.8357,15400.0,21880.362
603367.SH,20230309,14.29,14.44,14.23,14.36,14.22,0.14,0.9845,19038.09,27296.02
603367.SH,20230308,14.2,14.3,14.12,14.22,14.2,0.02,0.1408,17737.36,25227.585
603367.SH,20230307,14.37,14.6,14.2,14.2,14.45,-0.25,-1.7301,21945.24,31581.089
603367.SH,20230306,14.45,14.56,14.35,14.45,14.42,0.03,0.208,15283.36,22087.871
603367.SH,20230303,14.48,14.48,14.36,14.42,14.39,0.03,0.2085,17065.13,24609.534
603367.SH,20230302,14.62,14.64,14.38,14.39,14.64,-0.25,-1.7077,19857.13,28746.392
603367.SH,20230301,14.78,14.85,14.59,14.64,14.75,-0.11,-0.7458,23329.0,34162.165
603367.SH,20230228,14.28,14.76,14.23,14.75,14.19,0.56,3.9464,49897.0,72844.562
603367.SH,20230227,14.25,14.4,14.11,14.19,14.27,-0.08,-0.5606,20090.9,28638.453
603367.SH,20230224,14.29,14.33,14.13,14.27,14.22,0.05,0.3516,17757.6,25279.053
603367.SH,20230223,14.45,14.52,14.16,14.22,14.46,-0.24,-1.6598,28126.0,40201.578
603367.SH,20230222,14.41,14.69,14.3,14.46,14.39,0.07,0.4864,24692.0,35864.187
603367.SH,20230221,14.47,14.6,14.3,14.39,14.43,-0.04,-0.2772,21167.6,30495.933
603367.SH,20230220,14.62,14.62,14.33,14.43,14.49,-0.06,-0.4141,31647.22,45634.597
603367.SH,20230217,14.48,14.7,14.42,14.49,14.47,0.02,0.1382,27307.0,39724.96
603367.SH,20230216,14.64,14.95,14.42,14.47,14.78,-0.31,-2.0974,38447.0,56633.376
603367.SH,20230215,14.74,14.86,14.68,14.78,14.8,-0.02,-0.1351,19404.0,28657.327
603367.SH,20230214,14.72,14.85,14.62,14.8,14.72,0.08,0.5435,26745.0,39453.923
603367.SH,20230213,14.69,15.05,14.55,14.72,14.7,0.02,0.1361,32612.0,48327.224
603367.SH,20230210,14.43,14.74,14.4,14.7,14.46,0.24,1.6598,65820.32,96171.965
603367.SH,20230209,14.3,14.46,14.22,14.46,14.29,0.17,1.1896,31046.44,44667.607
603367.SH,20230208,14.23,14.47,14.23,14.29,14.22,0.07,0.4923,35018.66,50219.147
603367.SH,20230207,14.42,14.48,14.08,14.22,14.42,-0.2,-1.387,46191.0,65741.439
603367.SH,20230206,14.52,14.59,14.34,14.42,14.55,-0.13,-0.8935,23585.0,34095.009
603367.SH,20230203,14.71,14.71,14.38,14.55,14.71,-0.16,-1.0877,36468.0,53031.676
603367.SH,20230202,14.62,14.86,14.62,14.71,14.67,0.04,0.2727,32843.0,48375.41
603367.SH,20230201,14.87,14.94,14.67,14.67,14.83,-0.16,-1.0789,38031.0,56181.978
603367.SH,20230131,14.97,15.02,14.77,14.83,14.97,-0.14,-0.9352,40386.0,60034.659
603367.SH,20230130,14.97,15.19,14.88,14.97,14.97,0.0,0.0,39762.88,59613.941
603367.SH,20230120,14.98,15.18,14.78,14.97,14.93,0.04,0.2679,39097.94,58361.883
603367.SH,20230119,14.83,15.18,14.74,14.93,14.81,0.12,0.8103,40120.0,60153.465
603367.SH,20230118,14.81,15.35,14.79,14.81,14.81,0.0,0.0,44278.83,66184.914
603367.SH,20230117,15.0,15.05,14.66,14.81,14.78,0.03,0.203,55563.0,82476.229
603367.SH,20230116,15.21,15.42,14.71,14.78,15.22,-0.44,-2.8909,84949.71,126983.98
603367.SH,20230113,14.79,15.7,14.66,15.22,14.63,0.59,4.0328,86192.86,131288.113
603367.SH,20230112,14.58,14.77,14.36,14.63,14.55,0.08,0.5498,65291.5,95155.441
603367.SH,20230111,15.01,15.05,14.55,14.55,15.04,-0.49,-3.258,65231.68,96438.627
603367.SH,20230110,15.19,15.35,14.88,15.04,15.36,-0.32,-2.0833,77361.5,116451.424
603367.SH,20230109,15.78,15.78,15.19,15.36,15.58,-0.22,-1.4121,92975.0,143198.583
603367.SH,20230106,14.73,15.93,14.73,15.58,14.48,1.1,7.5967,286507.85,444384.478
603367.SH,20230105,14.71,15.3,14.41,14.48,13.98,0.5,3.5765,240451.87,358436.276
603367.SH,20230104,13.61,14.08,13.31,13.98,13.5,0.48,3.5556,126104.71,173072.194
603367.SH,20230103,12.65,13.86,12.65,13.5,12.6,0.9,7.1429,121335.18,164052.116
603367.SH,20221230,12.65,12.75,12.5,12.6,12.65,-0.05,-0.3953,20172.07,25377.088
603367.SH,20221229,12.45,12.82,12.3,12.65,12.45,0.2,1.6064,25886.1,32713.538
603367.SH,20221228,12.51,12.58,12.39,12.45,12.54,-0.09,-0.7177,21207.33,26451.597
603367.SH,20221227,12.85,13.05,12.41,12.54,12.89,-0.35,-2.7153,38313.46,48091.827
603367.SH,20221226,12.89,13.48,12.81,12.89,12.78,0.11,0.8607,54356.46,71267.705
603367.SH,20221223,12.78,12.95,12.7,12.78,12.81,-0.03,-0.2342,27911.0,35740.17
603367.SH,20221222,13.28,13.39,12.77,12.81,13.23,-0.42,-3.1746,37479.94,48791.366
603367.SH,20221221,13.22,13.5,13.11,13.23,13.26,-0.03,-0.2262,37813.4,50243.459
603367.SH,20221220,13.1,13.36,12.93,13.26,13.23,0.03,0.2268,41330.0,54322.543
603367.SH,20221219,14.12,14.2,13.11,13.23,14.13,-0.9,-6.3694,77154.2,103936.639
603367.SH,20221216,13.6,14.47,13.53,14.13,13.61,0.52,3.8207,93112.4,131222.033
603367.SH,20221215,13.61,13.79,13.51,13.61,13.59,0.02,0.1472,31968.61,43582.537
603367.SH,20221214,13.99,14.02,13.55,13.59,14.03,-0.44,-3.1361,46099.04,63177.748
603367.SH,20221213,14.25,14.28,13.78,14.03,14.14,-0.11,-0.7779,60523.61,84459.272
603367.SH,20221212,14.03,14.23,13.96,14.14,13.98,0.16,1.1445,84769.67,119432.666
603367.SH,20221209,13.61,13.99,13.58,13.98,13.68,0.3,2.193,79180.64,109638.944
603367.SH,20221208,13.52,13.81,13.31,13.68,13.55,0.13,0.9594,75563.6,103036.765
603367.SH,20221207,13.19,13.55,12.97,13.55,13.2,0.35,2.6515,60898.6,81312.747
603367.SH,20221206,13.51,13.53,13.18,13.2,13.53,-0.33,-2.439,38614.6,51470.915
603367.SH,20221205,13.41,13.58,13.33,13.53,13.36,0.17,1.2725,38976.0,52568.396
603367.SH,20221202,13.32,13.42,13.25,13.36,13.34,0.02,0.1499,29272.0,39103.55
603367.SH,20221201,13.63,13.67,13.22,13.34,13.58,-0.24,-1.7673,52875.0,70570.706
603367.SH,20221130,13.5,13.73,13.35,13.58,13.51,0.07,0.5181,53963.0,73236.449
603367.SH,20221129,13.15,13.53,13.13,13.51,13.19,0.32,2.4261,45119.32,60697.048
603367.SH,20221128,13.16,13.43,13.1,13.19,13.28,-0.09,-0.6777,37103.74,49065.264
603367.SH,20221125,13.42,13.49,13.13,13.28,13.4,-0.12,-0.8955,33168.15,44070.287
603367.SH,20221124,13.27,13.46,13.26,13.4,13.23,0.17,1.285,38951.0,52058.873
603367.SH,20221123,13.54,13.77,13.13,13.23,13.59,-0.36,-2.649,69999.0,93258.398
603367.SH,20221122,14.0,14.06,13.52,13.59,14.08,-0.49,-3.4801,82896.43,114031.358
603367.SH,20221121,14.03,14.15,13.71,14.08,14.02,0.06,0.428,83612.94,116592.794
603367.SH,20221118,13.61,14.24,13.59,14.02,13.63,0.39,2.8613,147809.07,206884.076
603367.SH,20221117,13.49,13.73,13.39,13.63,13.5,0.13,0.963,85392.15,116113.023
603367.SH,20221116,13.8,13.83,13.4,13.5,13.7,-0.2,-1.4599,98218.62,133789.122
603367.SH,20221115,14.0,14.02,13.55,13.7,14.0,-0.3,-2.1429,131943.71,180347.685
603367.SH,20221114,13.59,14.17,13.59,14.0,13.89,0.11,0.7919,173899.3,241884.76
603367.SH,20221111,14.88,15.3,13.78,13.89,14.38,-0.49,-3.4075,325806.53,477413.387
603367.SH,20221110,13.14,14.38,13.05,14.38,13.07,1.31,10.023,138000.67,194575.969
603367.SH,20221109,12.8,13.16,12.8,13.07,12.88,0.19,1.4752,39278.0,51362.841
603367.SH,20221108,12.7,13.0,12.5,12.88,12.73,0.15,1.1783,32627.21,41693.03
603367.SH,20221107,12.9,12.9,12.63,12.73,12.78,-0.05,-0.3912,28183.93,35818.099
603367.SH,20221104,12.88,12.89,12.73,12.78,12.82,-0.04,-0.312,26377.29,33732.288
603367.SH,20221103,12.77,12.97,12.64,12.82,12.83,-0.01,-0.0779,26319.25,33764.119
603367.SH,20221102,12.89,13.11,12.81,12.83,12.98,-0.15,-1.1556,41469.37,53903.171
603367.SH,20221101,12.78,13.17,12.75,12.98,12.8,0.18,1.4063,42033.24,54301.843
603367.SH,20221031,12.57,12.85,12.42,12.8,12.57,0.23,1.8298,35429.0,44959.146
603367.SH,20221028,12.85,12.95,12.55,12.57,12.87,-0.3,-2.331,37845.0,48204.265
603367.SH,20221027,12.58,12.96,12.48,12.87,12.56,0.31,2.4682,51467.56,65822.965
603367.SH,20221026,12.22,12.66,12.14,12.56,12.16,0.4,3.2895,38450.0,48060.961
603367.SH,20221025,12.23,12.34,12.0,12.16,12.27,-0.11,-0.8965,33326.0,40432.117
603367.SH,20221024,12.62,12.68,12.23,12.27,12.57,-0.3,-2.3866,35381.0,43892.606
603367.SH,20221021,12.52,12.67,12.47,12.57,12.51,0.06,0.4796,29675.64,37314.945
603367.SH,20221020,12.55,12.73,12.5,12.51,12.63,-0.12,-0.9501,38033.52,48011.971
603367.SH,20221019,12.58,12.97,12.46,12.63,12.52,0.11,0.8786,55606.78,70554.711
603367.SH,20221018,12.65,12.71,12.46,12.52,12.53,-0.01,-0.0798,68988.36,86925.808
603367.SH,20221017,12.07,12.57,12.07,12.53,12.22,0.31,2.5368,48282.66,60091.899
603367.SH,20221014,11.96,12.25,11.96,12.22,11.94,0.28,2.3451,37803.0,46010.097
603367.SH,20221013,11.55,12.06,11.47,11.94,11.55,0.39,3.3766,31712.65,37609.664
603367.SH,20221012,11.42,11.58,11.27,11.55,11.48,0.07,0.6098,15483.4,17673.197
603367.SH,20221011,11.64,11.64,11.34,11.48,11.55,-0.07,-0.6061,12327.93,14096.47
603367.SH,20221010,11.58,11.73,11.46,11.55,11.45,0.1,0.8734,20069.2,23328.051
603367.SH,20220930,11.36,11.6,11.31,11.45,11.37,0.08,0.7036,13607.81,15643.957
603367.SH,20220929,11.5,11.59,11.25,11.37,11.42,-0.05,-0.4378,14307.0,16350.831
603367.SH,20220928,11.34,11.55,11.33,11.42,11.36,0.06,0.5282,17381.83,19918.848
603367.SH,20220927,11.18,11.53,11.15,11.36,11.18,0.18,1.61,13576.0,15302.325
603367.SH,20220926,11.3,11.34,11.09,11.18,11.34,-0.16,-1.4109,14983.98,16773.038
603367.SH,20220923,11.6,11.6,11.32,11.34,11.57,-0.23,-1.9879,12540.33,14318.137
603367.SH,20220922,11.62,11.64,11.45,11.57,11.61,-0.04,-0.3445,12795.69,14777.515
603367.SH,20220921,11.46,11.63,11.26,11.61,11.36,0.25,2.2007,12768.0,14680.369
603367.SH,20220920,11.3,11.49,11.3,11.36,11.27,0.09,0.7986,9047.0,10320.183
603367.SH,20220919,11.48,11.56,11.2,11.27,11.48,-0.21,-1.8293,18289.45,20732.227
603367.SH,20220916,11.88,11.9,11.47,11.48,11.85,-0.37,-3.1224,17838.0,20827.278
603367.SH,20220915,12.16,12.2,11.8,11.85,12.14,-0.29,-2.3888,19106.0,22846.136
603367.SH,20220914,12.06,12.15,11.89,12.14,12.14,0.0,0.0,17399.65,20877.876
603367.SH,20220913,12.19,12.23,12.1,12.14,12.16,-0.02,-0.1645,10904.0,13260.986
603367.SH,20220909,12.14,12.21,12.08,12.16,12.1,0.06,0.4959,9356.0,11373.743
603367.SH,20220908,12.23,12.24,12.09,12.1,12.21,-0.11,-0.9009,13307.0,16171.359
603367.SH,20220907,12.3,12.31,12.18,12.21,12.3,-0.09,-0.7317,17700.0,21649.703
603367.SH,20220906,12.25,12.34,12.19,12.3,12.23,0.07,0.5724,13534.0,16596.591
603367.SH,20220905,12.08,12.25,12.01,12.23,12.1,0.13,1.0744,15565.0,18947.816
603367.SH,20220902,12.13,12.24,12.06,12.1,12.1,0.0,0.0,18429.0,22381.823
603367.SH,20220901,12.15,12.26,12.05,12.1,12.17,-0.07,-0.5752,12800.0,15544.948
603367.SH,20220831,12.28,12.42,12.09,12.17,12.29,-0.12,-0.9764,21234.0,25972.354
603367.SH,20220830,12.2,12.32,12.0,12.29,12.2,0.09,0.7377,19072.04,23373.16
603367.SH,20220829,11.94,12.2,11.9,12.2,12.05,0.15,1.2448,17152.04,20734.578
603367.SH,20220826,12.02,12.17,11.98,12.05,12.01,0.04,0.3331,12674.0,15321.984
603367.SH,20220825,12.08,12.1,11.84,12.01,12.04,-0.03,-0.2492,11702.04,14002.602
603367.SH,20220824,12.24,12.33,12.0,12.04,12.25,-0.21,-1.7143,16896.0,20477.133
603367.SH,20220823,12.08,12.27,12.08,12.25,12.08,0.17,1.4073,13765.11,16767.034
603367.SH,20220822,12.02,12.12,11.99,12.08,12.0,0.08,0.6667,9613.83,11612.805
603367.SH,20220819,12.16,12.22,11.99,12.0,12.17,-0.17,-1.3969,12843.1,15513.725
603367.SH,20220818,12.3,12.3,12.1,12.17,12.27,-0.1,-0.815,12128.0,14747.721
603367.SH,20220817,12.26,12.34,12.16,12.27,12.27,0.0,0.0,12812.0,15701.387
603367.SH,20220816,12.27,12.4,12.22,12.27,12.22,0.05,0.4092,12472.12,15329.511
603367.SH,20220815,12.36,12.36,12.17,12.22,12.36,-0.14,-1.1327,12759.0,15594.564
603367.SH,20220812,12.34,12.43,12.25,12.36,12.33,0.03,0.2433,19805.0,24462.291
603367.SH,20220811,12.08,12.36,12.03,12.33,12.05,0.28,2.3237,27790.32,34037.068
603367.SH,20220810,12.18,12.18,11.99,12.05,12.17,-0.12,-0.986,12370.0,14897.283
603367.SH,20220809,12.25,12.25,12.03,12.17,12.25,-0.08,-0.6531,23292.74,28196.919
603367.SH,20220808,11.58,12.34,11.52,12.25,11.55,0.7,6.0606,46469.52,55998.175
603367.SH,20220805,11.43,11.64,11.43,11.55,11.43,0.12,1.0499,8889.0,10246.302
603367.SH,20220804,11.32,11.5,11.32,11.43,11.31,0.12,1.061,9616.93,10973.248
603367.SH,20220803,11.39,11.53,11.24,11.31,11.39,-0.08,-0.7024,12874.55,14719.537
603367.SH,20220802,11.85,11.85,11.3,11.39,11.83,-0.44,-3.7194,28052.56,32168.431
603367.SH,20220801,11.96,11.96,11.76,11.83,11.93,-0.1,-0.8382,9972.0,11801.336
603367.SH,20220729,12.04,12.05,11.87,11.93,12.01,-0.08,-0.6661,12341.98,14743.459
603367.SH,20220728,12.09,12.16,12.01,12.01,12.09,-0.08,-0.6617,15410.32,18622.518
603367.SH,20220727,12.01,12.1,11.9,12.09,11.98,0.11,0.9182,13267.13,15928.227
603367.SH,20220726,11.89,12.08,11.81,11.98,11.96,0.02,0.1672,10974.99,13112.029
603367.SH,20220725,12.1,12.1,11.82,11.96,11.96,0.0,0.0,11370.0,13578.266
603367.SH,20220722,11.96,12.14,11.88,11.96,11.99,-0.03,-0.2502,16965.87,20415.791
603367.SH,20220721,11.99,12.08,11.88,11.99,11.96,0.03,0.2508,13135.08,15761.922
603367.SH,20220720,11.86,12.02,11.85,11.96,11.94,0.02,0.1675,13284.84,15863.951
603367.SH,20220719,11.74,11.94,11.68,11.94,11.74,0.2,1.7036,14896.21,17648.621
603367.SH,20220718,11.47,11.75,11.47,11.74,11.46,0.28,2.4433,16529.0,19292.042
603367.SH,20220715,11.86,11.86,11.44,11.46,11.83,-0.37,-3.1276,16902.0,19633.889
603367.SH,20220714,11.8,11.9,11.73,11.83,11.78,0.05,0.4244,13373.99,15820.688
603367.SH,20220713,11.77,11.8,11.71,11.78,11.72,0.06,0.5119,8296.69,9761.895
603367.SH,20220712,11.88,11.88,11.71,11.72,11.86,-0.14,-1.1804,12484.09,14725.435
603367.SH,20220711,11.88,11.96,11.78,11.86,11.87,-0.01,-0.0842,13259.94,15737.292
603367.SH,20220708,12.0,12.0,11.8,11.87,11.7,0.17,1.453,16236.77,19304.957
603367.SH,20220707,11.66,11.73,11.58,11.7,11.66,0.04,0.3431,12763.75,14874.545
603367.SH,20220706,11.8,11.88,11.59,11.66,11.83,-0.17,-1.437,14494.75,16935.357
603367.SH,20220705,11.97,12.04,11.73,11.83,11.97,-0.14,-1.1696,16494.27,19578.864
603367.SH,20220704,11.81,11.97,11.76,11.97,11.78,0.19,1.6129,14725.26,17509.302
603367.SH,20220701,11.88,11.96,11.72,11.78,11.86,-0.08,-0.6745,13892.22,16446.322
603367.SH,20220630,11.9,12.01,11.83,11.86,11.84,0.02,0.1689,17559.0,20872.66
603367.SH,20220629,12.26,12.28,12.13,12.14,12.3,-0.16,-1.3008,19258.83,23464.896
603367.SH,20220628,12.14,12.32,12.1,12.3,12.17,0.13,1.0682,18286.0,22330.336
603367.SH,20220627,12.16,12.21,12.1,12.17,12.16,0.01,0.0822,14642.37,17792.546
603367.SH,20220624,12.22,12.22,12.08,12.16,12.17,-0.01,-0.0822,13953.76,16929.088
603367.SH,20220623,11.98,12.18,11.96,12.17,11.94,0.23,1.9263,14901.83,18034.174
603367.SH,20220622,12.0,12.14,11.9,11.94,12.02,-0.08,-0.6656,18238.95,21928.091
603367.SH,20220621,12.07,12.14,11.89,12.02,12.07,-0.05,-0.4143,14143.0,17024.321
603367.SH,20220620,11.91,12.09,11.91,12.07,11.93,0.14,1.1735,15524.7,18657.825
603367.SH,20220617,11.92,11.99,11.73,11.93,11.94,-0.01,-0.0838,14976.69,17775.787
603367.SH,20220616,11.87,12.02,11.86,11.94,11.89,0.05,0.4205,13712.95,16377.812
603367.SH,20220615,11.85,12.07,11.81,11.89,11.84,0.05,0.4223,18902.06,22534.274
603367.SH,20220614,11.76,11.85,11.57,11.84,11.8,0.04,0.339,16098.95,18813.756
603367.SH,20220613,11.79,11.87,11.72,11.8,11.89,-0.09,-0.7569,14082.0,16582.484
603367.SH,20220610,11.63,11.93,11.63,11.89,11.73,0.16,1.364,15269.0,18066.579
603367.SH,20220609,11.81,11.86,11.67,11.73,11.86,-0.13,-1.0961,13627.33,16010.657
603367.SH,20220608,11.89,11.95,11.72,11.86,11.88,-0.02,-0.1684,17622.0,20887.779
603367.SH,20220607,11.84,11.88,11.72,11.88,11.82,0.06,0.5076,18197.0,21515.141
603367.SH,20220606,11.74,11.88,11.68,11.82,11.73,0.09,0.7673,17491.25,20665.771
603367.SH,20220602,11.64,11.76,11.57,11.73,11.7,0.03,0.2564,14571.0,16987.937
603367.SH,20220601,11.73,11.79,11.63,11.7,11.73,-0.03,-0.2558,14146.0,16565.894
603367.SH,20220531,11.72,11.78,11.62,11.73,11.72,0.01,0.0853,13619.69,15944.06
603367.SH,20220530,11.61,11.75,11.58,11.72,11.55,0.17,1.4719,16636.42,19427.455
603367.SH,20220527,11.6,11.66,11.45,11.55,11.57,-0.02,-0.1729,11802.0,13636.466
603367.SH,20220526,11.56,11.6,11.4,11.57,11.54,0.03,0.26,9285.0,10694.756
603367.SH,20220525,11.3,11.55,11.3,11.54,11.34,0.2,1.7637,11367.14,13035.231
603367.SH,20220524,11.8,11.81,11.33,11.34,11.75,-0.41,-3.4894,21233.0,24493.929
603367.SH,20220523,11.63,11.78,11.63,11.75,11.61,0.14,1.2059,17413.06,20432.616
603367.SH,20220520,11.47,11.64,11.47,11.61,11.46,0.15,1.3089,14328.0,16589.572
603367.SH,20220519,11.42,11.47,11.32,11.46,11.48,-0.02,-0.1742,12452.75,14188.478
603367.SH,20220518,11.5,11.59,11.45,11.48,11.51,-0.03,-0.2606,10697.75,12320.602
603367.SH,20220517,11.71,11.74,11.45,11.51,11.75,-0.24,-2.0426,15304.0,17641.415
603367.SH,20220516,11.88,11.95,11.65,11.75,11.84,-0.09,-0.7601,13194.17,15538.833
603367.SH,20220513,11.75,11.92,11.65,11.84,11.75,0.09,0.766,15977.0,18861.841
603367.SH,20220512,11.45,11.78,11.43,11.75,11.5,0.25,2.1739,20557.53,23997.732
603367.SH,20220511,11.69,11.93,11.5,11.5,11.69,-0.19,-1.6253,23351.0,27468.864
603367.SH,20220510,11.55,11.74,11.42,11.69,11.69,0.0,0.0,16587.0,19261.956
603367.SH,20220509,11.46,11.7,11.41,11.69,11.41,0.28,2.454,18704.23,21688.802
603367.SH,20220506,11.2,11.47,11.0,11.41,11.41,0.0,0.0,19335.22,21885.009
603367.SH,20220505,11.35,11.51,11.14,11.41,11.31,0.1,0.8842,18860.5,21503.974
603367.SH,20220429,10.96,11.45,10.96,11.31,10.93,0.38,3.4767,22988.01,25910.748
603367.SH,20220428,10.92,10.98,10.69,10.93,11.05,-0.12,-1.086,18928.0,20526.206
603367.SH,20220427,10.8,11.06,10.3,11.05,10.9,0.15,1.3761,45188.43,48192.153
603367.SH,20220426,11.33,11.33,10.9,10.9,11.17,-0.27,-2.4172,26815.45,29643.942
603367.SH,20220425,11.64,11.77,11.16,11.17,11.73,-0.56,-4.7741,27886.44,31990.63
603367.SH,20220422,11.81,11.94,11.61,11.73,11.81,-0.08,-0.6774,18611.88,21802.76
603367.SH,20220421,12.17,12.21,11.77,11.81,12.17,-0.36,-2.9581,27172.22,32463.552
603367.SH,20220420,12.18,12.35,12.09,12.17,12.17,0.0,0.0,14972.65,18292.32
603367.SH,20220419,12.13,12.24,12.07,12.17,12.13,0.04,0.3298,9069.5,11027.836
603367.SH,20220418,12.19,12.19,11.96,12.13,12.19,-0.06,-0.4922,14188.5,17112.135
603367.SH,20220415,12.33,12.34,12.1,12.19,12.31,-0.12,-0.9748,17311.0,21120.832
603367.SH,20220414,12.27,12.4,12.24,12.31,12.24,0.07,0.5719,12198.16,15025.725
603367.SH,20220413,12.42,12.47,12.22,12.24,12.43,-0.19,-1.5286,13167.0,16158.774
603367.SH,20220412,12.26,12.44,12.21,12.43,12.25,0.18,1.4694,12231.0,15079.406
603367.SH,20220411,12.5,12.54,12.2,12.25,12.48,-0.23,-1.8429,20392.0,25158.875
603367.SH,20220408,12.83,12.88,12.44,12.48,12.83,-0.35,-2.728,26060.0,32767.6
603367.SH,20220407,13.03,13.18,12.82,12.83,13.08,-0.25,-1.9113,24015.0,31123.788
603367.SH,20220406,12.95,13.23,12.9,13.08,12.88,0.2,1.5528,26278.82,34452.484
603367.SH,20220401,13.11,13.11,12.76,12.88,13.15,-0.27,-2.0532,35224.0,45343.702
603367.SH,20220331,13.0,13.38,12.93,13.15,13.0,0.15,1.1538,40713.44,53727.21
603367.SH,20220330,13.09,13.16,12.9,13.0,13.04,-0.04,-0.3067,18108.0,23513.339
603367.SH,20220329,13.0,13.15,12.9,13.04,13.01,0.03,0.2306,28214.61,36729.117
603367.SH,20220328,12.87,13.05,12.8,13.01,13.04,-0.03,-0.2301,26864.95,34769.342
603367.SH,20220325,13.07,13.28,13.03,13.04,13.14,-0.1,-0.761,35271.55,46365.612
603367.SH,20220324,12.82,13.29,12.82,13.14,12.88,0.26,2.0186,62636.59,82301.49
603367.SH,20220323,13.03,13.03,12.82,12.88,13.0,-0.12,-0.9231,22780.91,29410.605
603367.SH,20220322,13.01,13.16,12.9,13.0,13.05,-0.05,-0.3831,33715.39,43830.589
603367.SH,20220321,12.88,13.15,12.82,13.05,12.67,0.38,2.9992,48622.43,63229.104
603367.SH,20220318,12.45,12.75,12.4,12.67,12.45,0.22,1.7671,25546.0,32275.091
603367.SH,20220317,12.3,12.7,12.2,12.45,12.19,0.26,2.1329,28464.09,35595.671
603367.SH,20220316,12.06,12.35,11.71,12.19,12.03,0.16,1.33,26771.0,32155.113
603367.SH,20220315,12.46,12.48,12.02,12.03,12.53,-0.5,-3.9904,26088.0,31971.555
603367.SH,20220314,12.67,12.8,12.52,12.53,12.61,-0.08,-0.6344,28244.0,35811.912
603367.SH,20220311,12.31,12.65,12.1,12.61,12.32,0.29,2.3539,24295.29,30227.343
603367.SH,20220310,12.28,12.45,12.23,12.32,12.06,0.26,2.1559,21343.0,26355.704
603367.SH,20220309,12.31,12.31,11.64,12.06,12.24,-0.18,-1.4706,26589.39,31921.926
603367.SH,20220308,12.7,12.71,12.17,12.24,12.7,-0.46,-3.622,31183.99,38573.925
603367.SH,20220307,12.6,12.83,12.58,12.7,12.63,0.07,0.5542,23819.0,30261.391
603367.SH,20220304,12.63,12.87,12.53,12.63,12.64,-0.01,-0.0791,28087.99,35694.07
603367.SH,20220303,12.56,12.74,12.56,12.64,12.57,0.07,0.5569,18488.36,23391.052
603367.SH,20220302,12.5,12.65,12.42,12.57,12.55,0.02,0.1594,18343.41,23013.54
603367.SH,20220301,12.52,12.58,12.43,12.55,12.49,0.06,0.4804,12024.7,15021.307
603367.SH,20220228,12.5,12.54,12.3,12.49,12.46,0.03,0.2408,15212.84,18897.358
603367.SH,20220225,12.42,12.57,12.4,12.46,12.34,0.12,0.9724,14852.04,18532.28
603367.SH,20220224,12.65,12.7,12.23,12.34,12.65,-0.31,-2.4506,30374.0,37855.268
603367.SH,20220223,12.55,12.74,12.55,12.65,12.59,0.06,0.4766,16588.21,21010.377
603367.SH,20220222,12.59,12.64,12.48,12.59,12.69,-0.1,-0.788,15929.21,20018.795
603367.SH,20220221,12.45,12.76,12.39,12.69,12.45,0.24,1.9277,28591.0,35959.619
603367.SH,20220218,12.3,12.46,12.3,12.45,12.35,0.1,0.8097,10241.2,12687.366
603367.SH,20220217,12.49,12.53,12.35,12.35,12.49,-0.14,-1.1209,11662.41,14478.267
603367.SH,20220216,12.45,12.69,12.44,12.49,12.45,0.04,0.3213,9589.0,11993.678
603367.SH,20220215,12.42,12.56,12.34,12.45,12.46,-0.01,-0.0803,12553.23,15605.109
603367.SH,20220214,12.43,12.55,12.33,12.46,12.42,0.04,0.3221,14624.23,18210.711
603367.SH,20220211,12.6,12.69,12.35,12.42,12.67,-0.25,-1.9732,21201.8,26481.694
603367.SH,20220210,12.7,12.76,12.59,12.67,12.7,-0.03,-0.2362,12200.0,15453.363
603367.SH,20220209,12.49,12.72,12.48,12.7,12.54,0.16,1.2759,15636.79,19774.326
603367.SH,20220208,12.47,12.59,12.33,12.54,12.47,0.07,0.5613,19100.43,23795.192
603367.SH,20220207,12.44,12.64,12.29,12.47,12.26,0.21,1.7129,21405.36,26599.94
603367.SH,20220128,12.15,12.3,12.05,12.26,12.14,0.12,0.9885,17611.0,21507.472
603367.SH,20220127,12.21,12.45,12.08,12.14,12.17,-0.03,-0.2465,22106.0,26957.721
603367.SH,20220126,12.33,12.4,12.03,12.17,12.27,-0.1,-0.815,19417.47,23733.678
603367.SH,20220125,12.88,12.88,12.26,12.27,12.87,-0.6,-4.662,28291.88,35369.151
603367.SH,20220124,12.9,12.96,12.77,12.87,12.95,-0.08,-0.6178,14847.36,19100.761
603367.SH,20220121,13.1,13.21,12.88,12.95,13.15,-0.2,-1.5209,22877.0,29718.457
603367.SH,20220120,13.36,13.45,13.14,13.15,13.35,-0.2,-1.4981,24844.63,32975.106
603367.SH,20220119,13.38,13.45,13.26,13.35,13.3,0.05,0.3759,16835.59,22477.536
603367.SH,20220118,13.71,13.82,13.28,13.3,13.71,-0.41,-2.9905,51412.19,69321.825
603367.SH,20220117,13.9,13.96,13.71,13.71,13.82,-0.11,-0.7959,30484.0,42093.402
603367.SH,20220114,13.72,14.03,13.53,13.82,13.7,0.12,0.8759,55079.91,76127.937
603367.SH,20220113,13.83,13.84,13.58,13.7,13.75,-0.05,-0.3636,32464.0,44537.814
603367.SH,20220112,13.7,13.86,13.55,13.75,13.69,0.06,0.4383,34893.8,48028.365
603367.SH,20220111,13.42,13.8,13.4,13.69,13.48,0.21,1.5579,41689.08,57070.058
603367.SH,20220110,13.2,13.85,13.2,13.48,13.3,0.18,1.3534,27818.36,37703.759
603367.SH,20220107,13.58,13.61,13.3,13.3,13.6,-0.3,-2.2059,28943.08,38948.035
603367.SH,20220106,13.37,13.62,13.25,13.6,13.4,0.2,1.4925,31237.72,41971.91
603367.SH,20220105,13.62,13.63,13.34,13.4,13.6,-0.2,-1.4706,36734.24,49384.177
603367.SH,20220104,13.43,13.78,13.37,13.6,13.35,0.25,1.8727,56071.72,76449.572
603367.SH,20211231,13.35,13.57,13.3,13.35,13.36,-0.01,-0.0749,45392.0,61021.684
603367.SH,20211230,13.09,13.45,13.01,13.36,13.05,0.31,2.3755,37185.91,49121.556
603367.SH,20211229,13.16,13.29,13.05,13.05,13.16,-0.11,-0.8359,28843.33,38007.304
603367.SH,20211228,13.15,13.23,13.05,13.16,13.16,0.0,0.0,28700.24,37682.06
603367.SH,20211227,12.88,13.18,12.75,13.16,12.84,0.32,2.4922,58147.57,76046.474
603367.SH,20211224,12.81,12.98,12.78,12.84,12.81,0.03,0.2342,28566.83,36801.157
603367.SH,20211223,12.99,13.0,12.72,12.81,12.96,-0.15,-1.1574,27615.0,35395.71
603367.SH,20211222,12.82,13.04,12.74,12.96,12.81,0.15,1.171,41141.49,53075.409
603367.SH,20211221,12.78,12.81,12.71,12.81,12.71,0.1,0.7868,20695.36,26429.811
603367.SH,20211220,12.52,12.83,12.51,12.71,12.51,0.2,1.5987,35119.06,44701.304
603367.SH,20211217,12.61,12.61,12.47,12.51,12.59,-0.08,-0.6354,16275.66,20373.356
603367.SH,20211216,12.58,12.64,12.51,12.59,12.53,0.06,0.4789,12667.0,15935.796
603367.SH,20211215,12.57,12.62,12.5,12.53,12.55,-0.02,-0.1594,12263.0,15409.463
603367.SH,20211214,12.48,12.59,12.48,12.55,12.54,0.01,0.0797,10830.0,13577.174
603367.SH,20211213,12.62,12.7,12.48,12.54,12.66,-0.12,-0.9479,23765.94,29813.613
603367.SH,20211210,12.69,12.73,12.57,12.66,12.67,-0.01,-0.0789,13911.64,17617.594
603367.SH,20211209,12.67,12.74,12.59,12.67,12.65,0.02,0.1581,13256.43,16788.43
603367.SH,20211208,12.63,12.77,12.57,12.65,12.63,0.02,0.1584,13856.0,17572.858
603367.SH,20211207,12.64,12.68,12.47,12.63,12.57,0.06,0.4773,13667.69,17178.997
603367.SH,20211206,12.81,12.87,12.53,12.57,12.8,-0.23,-1.7969,17579.0,22259.482
603367.SH,20211203,12.75,12.84,12.64,12.8,12.69,0.11,0.8668,14789.0,18856.579
603367.SH,20211202,12.86,12.99,12.69,12.69,12.86,-0.17,-1.3219,25145.05,32195.79
603367.SH,20211201,12.8,12.91,12.76,12.86,12.89,-0.03,-0.2327,29105.45,37371.643
603367.SH,20211130,12.69,12.94,12.6,12.89,12.81,0.08,0.6245,45782.4,58350.294
603367.SH,20211129,12.61,12.96,12.6,12.81,12.42,0.39,3.1401,84775.67,108719.767
603367.SH,20211126,12.4,12.54,12.25,12.42,12.39,0.03,0.2421,21832.0,27016.056
603367.SH,20211125,12.3,12.47,12.29,12.39,12.29,0.1,0.8137,18461.79,22893.5
603367.SH,20211124,12.28,12.34,12.18,12.29,12.3,-0.01,-0.0813,14516.85,17788.363
603367.SH,20211123,12.21,12.34,12.18,12.3,12.22,0.08,0.6547,18174.0,22304.361
603367.SH,20211122,12.42,12.44,12.16,12.22,12.38,-0.16,-1.2924,42459.81,52039.77
603367.SH,20211119,12.45,12.54,12.34,12.38,12.45,-0.07,-0.5622,18972.85,23555.92
603367.SH,20211118,12.57,12.6,12.43,12.45,12.59,-0.14,-1.112,14949.59,18669.27
603367.SH,20211117,12.3,12.6,12.25,12.59,12.3,0.29,2.3577,23050.0,28702.266
603367.SH,20211116,12.45,12.46,12.27,12.3,12.45,-0.15,-1.2048,12693.0,15670.138
603367.SH,20211115,12.2,12.47,12.18,12.45,12.2,0.25,2.0492,20991.46,25900.449
603367.SH,20211112,12.18,12.21,12.11,12.2,12.18,0.02,0.1642,9819.72,11949.733
603367.SH,20211111,12.07,12.19,12.06,12.18,12.09,0.09,0.7444,11447.6,13894.459
603367.SH,20211110,12.03,12.11,11.92,12.09,12.05,0.04,0.332,11350.09,13646.993
603367.SH,20211109,12.02,12.08,11.96,12.05,11.96,0.09,0.7525,8163.0,9814.957
603367.SH,20211108,11.93,12.01,11.91,11.96,11.98,-0.02,-0.1669,5433.0,6496.184
603367.SH,20211105,12.05,12.09,11.93,11.98,12.06,-0.08,-0.6633,9145.0,10987.863
603367.SH,20211104,12.11,12.14,11.97,12.06,12.04,0.02,0.1661,7933.0,9563.782
603367.SH,20211103,11.92,12.08,11.92,12.04,11.91,0.13,1.0915,6115.13,7350.341
603367.SH,20211102,12.08,12.09,11.89,11.91,12.08,-0.17,-1.4073,8697.0,10408.293
603367.SH,20211101,12.02,12.09,11.87,12.08,12.01,0.07,0.5828,10984.28,13157.448
603367.SH,20211029,11.9,12.08,11.9,12.01,11.89,0.12,1.0093,5685.75,6823.346
603367.SH,20211028,11.95,12.06,11.89,11.89,11.99,-0.1,-0.834,7464.21,8921.821
603367.SH,20211027,12.05,12.13,11.9,11.99,12.05,-0.06,-0.4979,10219.31,12263.745
603367.SH,20211026,12.1,12.15,12.04,12.05,12.11,-0.06,-0.4955,6469.46,7819.204
603367.SH,20211025,12.02,12.12,12.01,12.11,12.05,0.06,0.4979,5572.2,6727.758
603367.SH,20211022,12.31,12.37,12.0,12.05,12.34,-0.29,-2.3501,25821.89,31267.131
603367.SH,20211021,12.36,12.42,12.31,12.34,12.4,-0.06,-0.4839,4845.61,5988.686
603367.SH,20211020,12.37,12.45,12.34,12.4,12.47,-0.07,-0.5613,5606.0,6944.17
603367.SH,20211019,12.36,12.47,12.25,12.47,12.35,0.12,0.9717,8026.11,9960.418
603367.SH,20211018,12.38,12.38,12.27,12.35,12.38,-0.03,-0.2423,7279.75,8961.218
603367.SH,20211015,12.6,12.6,12.35,12.38,12.5,-0.12,-0.96,7418.25,9202.442
603367.SH,20211014,12.46,12.56,12.43,12.5,12.5,0.0,0.0,6864.0,8569.305
603367.SH,20211013,12.42,12.5,12.37,12.5,12.42,0.08,0.6441,8111.24,10079.126
603367.SH,20211012,12.58,12.58,12.36,12.42,12.58,-0.16,-1.2719,13096.0,16295.857
603367.SH,20211011,12.59,12.67,12.52,12.58,12.58,0.0,0.0,14744.09,18556.225
603367.SH,20211008,12.49,12.69,12.4,12.58,12.45,0.13,1.0442,17810.56,22394.774
603367.SH,20210930,12.37,12.56,12.31,12.45,12.33,0.12,0.9732,30813.75,38238.405
603367.SH,20210929,12.76,12.79,12.29,12.33,12.92,-0.59,-4.5666,36746.86,45648.561
603367.SH,20210928,13.07,13.34,12.86,12.92,12.85,0.07,0.5447,42776.93,55845.965
603367.SH,20210927,13.16,13.2,12.83,12.85,13.08,-0.23,-1.7584,24951.29,32514.827
603367.SH,20210924,13.06,13.21,13.01,13.08,13.05,0.03,0.2299,27610.88,36226.268
603367.SH,20210923,13.01,13.2,13.0,13.05,13.01,0.04,0.3075,17863.81,23378.01
603367.SH,20210922,12.78,13.03,12.66,13.01,12.82,0.19,1.4821,16590.47,21412.628
603367.SH,20210917,12.93,12.93,12.73,12.82,12.93,-0.11,-0.8507,13205.33,16899.098
603367.SH,20210916,12.9,13.07,12.86,12.93,12.85,0.08,0.6226,17743.03,23015.721
603367.SH,20210915,12.72,12.86,12.63,12.85,12.77,0.08,0.6265,11893.76,15189.007
603367.SH,20210914,12.93,13.04,12.76,12.77,12.95,-0.18,-1.39,17917.33,23092.527
603367.SH,20210913,13.07,13.07,12.86,12.95,13.03,-0.08,-0.614,17456.0,22564.0
603367.SH,20210910,13.12,13.26,13.02,13.03,13.06,-0.03,-0.2297,21779.7,28579.391
603367.SH,20210909,13.06,13.1,12.99,13.06,13.07,-0.01,-0.0765,16306.12,21300.309
603367.SH,20210908,13.1,13.12,13.0,13.07,13.09,-0.02,-0.1528,17433.09,22735.638
603367.SH,20210907,13.01,13.11,13.0,13.09,13.03,0.06,0.4605,14183.07,18534.761
603367.SH,20210906,12.9,13.04,12.84,13.03,12.9,0.13,1.0078,17978.0,23345.698
603367.SH,20210903,12.88,12.98,12.83,12.9,12.87,0.03,0.2331,11617.0,14971.766
603367.SH,20210902,12.73,12.88,12.7,12.87,12.77,0.1,0.7831,11320.13,14509.904
603367.SH,20210901,12.7,12.8,12.63,12.77,12.71,0.06,0.4721,12522.95,15934.752
603367.SH,20210831,12.86,12.87,12.61,12.71,12.85,-0.14,-1.0895,16424.8,20844.312
603367.SH,20210830,12.83,12.87,12.76,12.85,12.82,0.03,0.234,12206.0,15634.953
603367.SH,20210827,12.88,12.99,12.8,12.82,12.97,-0.15,-1.1565,16514.0,21247.711
603367.SH,20210826,13.18,13.18,12.96,12.97,13.2,-0.23,-1.7424,20990.4,27361.501
603367.SH,20210825,13.19,13.25,13.05,13.2,13.24,-0.04,-0.3021,19211.08,25240.956
603367.SH,20210824,13.25,13.32,13.2,13.24,13.3,-0.06,-0.4511,18292.2,24235.244
603367.SH,20210823,13.37,13.43,13.18,13.3,13.33,-0.03,-0.2251,29756.71,39517.492
603367.SH,20210820,13.11,13.38,12.85,13.33,13.13,0.2,1.5232,49681.76,65611.997
603367.SH,20210819,12.95,13.22,12.92,13.13,13.01,0.12,0.9224,27401.87,35968.217
603367.SH,20210818,12.95,13.06,12.88,13.01,12.9,0.11,0.8527,15047.36,19521.464
603367.SH,20210817,13.25,13.28,12.89,12.9,13.22,-0.32,-2.4206,22330.95,29116.259
603367.SH,20210816,12.98,13.25,12.98,13.22,12.99,0.23,1.7706,27081.04,35706.502
603367.SH,20210813,12.97,13.01,12.81,12.99,12.97,0.02,0.1542,17163.62,22120.889
603367.SH,20210812,12.98,13.07,12.92,12.97,12.96,0.01,0.0772,14973.98,19483.375
603367.SH,20210811,13.03,13.11,12.94,12.96,13.07,-0.11,-0.8416,19868.0,25841.501
603367.SH,20210810,13.05,13.1,12.99,13.07,13.07,0.0,0.0,12942.96,16891.5
603367.SH,20210809,12.9,13.1,12.89,13.07,13.03,0.04,0.307,17142.86,22328.066
603367.SH,20210806,13.15,13.17,12.88,13.03,13.24,-0.21,-1.5861,25793.87,33529.268
603367.SH,20210805,13.18,13.53,13.07,13.24,13.17,0.07,0.5315,52240.33,69379.113
603367.SH,20210804,13.15,13.23,12.98,13.17,13.28,-0.11,-0.8283,45325.71,59305.635
603367.SH,20210803,12.61,13.34,12.61,13.28,12.76,0.52,4.0752,86328.77,113731.917
603367.SH,20210802,12.7,12.8,12.38,12.76,12.84,-0.08,-0.6231,48692.78,61104.035
603367.SH,20210730,12.7,13.26,12.7,12.84,12.36,0.48,3.8835,70263.03,90672.916
603367.SH,20210729,12.26,12.51,12.24,12.36,12.15,0.21,1.7284,14266.16,17644.83
603367.SH,20210728,12.12,12.18,11.87,12.15,12.2,-0.05,-0.4098,18246.42,21954.315
603367.SH,20210727,12.4,12.42,12.18,12.2,12.39,-0.19,-1.5335,12101.99,14844.222
603367.SH,20210726,12.59,12.66,12.27,12.39,12.58,-0.19,-1.5103,15899.0,19751.158
603367.SH,20210723,12.72,12.8,12.57,12.58,12.72,-0.14,-1.1006,13845.2,17496.765
603367.SH,20210722,12.72,12.79,12.58,12.72,12.71,0.01,0.0787,22429.95,28434.297
603367.SH,20210721,12.52,12.84,12.46,12.71,12.52,0.19,1.5176,32435.0,41033.875
603367.SH,20210720,12.56,12.6,12.45,12.52,12.57,-0.05,-0.3978,12727.68,15949.307
603367.SH,20210719,12.42,12.61,12.35,12.57,12.43,0.14,1.1263,17342.61,21678.878
603367.SH,20210716,12.4,12.45,12.33,12.43,12.39,0.04,0.3228,9899.33,12280.504
603367.SH,20210715,12.45,12.48,12.31,12.39,12.44,-0.05,-0.4019,11442.65,14165.767
603367.SH,20210714,12.3,12.48,12.25,12.44,12.33,0.11,0.8921,17068.18,21155.533
603367.SH,20210713,12.33,12.41,12.27,12.33,12.33,0.0,0.0,10392.33,12817.247
603367.SH,20210712,12.24,12.33,12.23,12.33,12.22,0.11,0.9002,10827.66,13297.806
603367.SH,20210709,12.16,12.23,12.11,12.22,12.21,0.01,0.0819,10056.8,12230.258
603367.SH,20210708,12.35,12.38,12.2,12.21,12.38,-0.17,-1.3732,14673.0,17984.982
603367.SH,20210707,12.36,12.46,12.31,12.38,12.39,-0.01,-0.0807,13346.13,16555.198
603367.SH,20210706,12.33,12.45,12.28,12.39,12.35,0.04,0.3239,8997.18,11112.088
603367.SH,20210705,12.41,12.41,12.24,12.35,12.38,-0.03,-0.2423,10423.16,12844.505
603367.SH,20210702,12.54,12.57,12.3,12.38,12.51,-0.13,-1.0392,19910.0,24655.821
603367.SH,20210701,12.4,12.72,12.33,12.51,12.4,0.11,0.8871,28896.9,36352.69
603367.SH,20210630,12.39,12.47,12.3,12.4,12.38,0.02,0.1616,13563.7,16800.065
603367.SH,20210629,12.37,12.47,12.34,12.38,12.37,0.01,0.0808,10086.0,12497.954
603367.SH,20210628,12.46,12.46,12.34,12.37,12.44,-0.07,-0.5627,9495.0,11751.297
603367.SH,20210625,12.22,12.5,12.2,12.44,12.21,0.23,1.8837,15862.54,19597.454
603367.SH,20210624,12.54,12.54,12.44,12.47,12.54,-0.07,-0.5582,10675.61,13318.262
603367.SH,20210623,12.56,12.58,12.48,12.54,12.56,-0.02,-0.1592,11968.1,14964.149
603367.SH,20210622,12.61,12.62,12.52,12.56,12.61,-0.05,-0.3965,10183.88,12791.616
603367.SH,20210621,12.36,12.62,12.31,12.61,12.33,0.28,2.2709,22055.54,27570.828
603367.SH,20210618,12.35,12.39,12.23,12.33,12.38,-0.05,-0.4039,15328.25,18839.361
603367.SH,20210617,12.42,12.47,12.35,12.38,12.41,-0.03,-0.2417,10181.0,12620.003
603367.SH,20210616,12.39,12.48,12.32,12.41,12.37,0.04,0.3234,13543.0,16798.593
603367.SH,20210615,12.5,12.52,12.36,12.37,12.52,-0.15,-1.1981,19018.88,23585.085
603367.SH,20210611,12.76,12.76,12.48,12.52,12.74,-0.22,-1.7268,30533.82,38436.226
603367.SH,20210610,12.73,12.81,12.71,12.74,12.76,-0.02,-0.1567,18786.64,23943.784
603367.SH,20210609,12.9,12.92,12.73,12.76,12.89,-0.13,-1.0085,19664.33,25218.649
603367.SH,20210608,13.07,13.07,12.88,12.89,12.99,-0.1,-0.7698,15508.73,20115.234
603367.SH,20210607,13.06,13.1,12.98,12.99,13.01,-0.02,-0.1537,12102.73,15768.5
603367.SH,20210604,13.11,13.11,12.95,13.01,13.06,-0.05,-0.3828,15935.54,20736.252
603367.SH,20210603,13.05,13.17,13.05,13.06,13.09,-0.03,-0.2292,13009.41,17054.347
603367.SH,20210602,13.35,13.4,13.06,13.09,13.33,-0.24,-1.8005,26071.48,34353.81
603367.SH,20210601,13.33,13.42,13.3,13.33,13.34,-0.01,-0.075,16967.38,22673.581
603367.SH,20210531,13.23,13.36,13.13,13.34,13.26,0.08,0.6033,18139.0,24096.536
603367.SH,20210528,13.32,13.38,13.16,13.26,13.37,-0.11,-0.8227,24975.75,33159.44
603367.SH,20210527,13.42,13.46,13.33,13.37,13.39,-0.02,-0.1494,20820.46,27846.472
603367.SH,20210526,13.53,13.62,13.39,13.39,13.53,-0.14,-1.0347,37156.75,50092.174
603367.SH,20210525,13.25,13.58,13.25,13.53,13.24,0.29,2.1903,36120.11,48733.616
603367.SH,20210524,13.3,13.33,13.14,13.24,13.29,-0.05,-0.3762,16393.54,21678.841
603367.SH,20210521,13.5,13.56,13.28,13.29,13.5,-0.21,-1.5556,21779.56,29121.536
603367.SH,20210520,13.39,13.72,13.39,13.5,13.39,0.11,0.8215,26927.36,36478.763
603367.SH,20210519,13.53,13.56,13.31,13.39,13.53,-0.14,-1.0347,22906.75,30710.213
603367.SH,20210518,13.78,13.78,13.45,13.53,13.74,-0.21,-1.5284,44107.91,59860.711
603367.SH,20210517,13.56,13.88,13.53,13.74,13.56,0.18,1.3274,37620.45,51788.623
603367.SH,20210514,13.53,13.73,13.47,13.56,13.53,0.03,0.2217,27166.45,36902.402
603367.SH,20210513,13.21,13.75,13.2,13.53,13.28,0.25,1.8825,44833.83,60829.432
603367.SH,20210512,13.2,13.3,13.12,13.28,13.23,0.05,0.3779,13403.23,17713.647
603367.SH,20210511,12.95,13.34,12.86,13.23,12.93,0.3,2.3202,18186.84,23816.939
603367.SH,20210510,13.04,13.16,12.9,12.93,13.04,-0.11,-0.8436,12897.82,16788.124
603367.SH,20210507,13.37,13.54,13.02,13.04,13.46,-0.42,-3.1204,20327.53,26787.376
603367.SH,20210506,13.34,13.62,13.22,13.46,13.35,0.11,0.824,21179.24,28527.35
603367.SH,20210430,13.06,13.39,13.0,13.35,13.1,0.25,1.9084,16096.75,21244.919
603367.SH,20210429,13.23,13.38,13.05,13.1,13.3,-0.2,-1.5038,14203.36,18741.203
603367.SH,20210428,13.41,13.43,13.25,13.3,13.44,-0.14,-1.0417,13534.7,18018.646
603367.SH,20210427,13.46,13.46,13.2,13.44,13.39,0.05,0.3734,18070.04,24126.129
603367.SH,20210426,13.29,13.56,13.29,13.39,13.24,0.15,1.1329,25458.49,34222.039
603367.SH,20210423,13.14,13.29,13.09,13.24,13.13,0.11,0.8378,16319.66,21573.329
603367.SH,20210422,13.1,13.14,13.02,13.13,13.07,0.06,0.4591,8254.75,10805.331
603367.SH,20210421,13.04,13.18,12.9,13.07,13.04,0.03,0.2301,7740.87,10112.527
603367.SH,20210420,13.0,13.15,12.98,13.04,13.12,-0.08,-0.6098,8634.48,11281.52
603367.SH,20210419,13.1,13.16,12.97,13.12,13.1,0.02,0.1527,9306.88,12177.763
603367.SH,20210416,12.98,13.11,12.93,13.1,13.01,0.09,0.6918,11171.58,14588.821
603367.SH,20210415,12.93,13.02,12.74,13.01,12.91,0.1,0.7746,11521.62,14841.938
603367.SH,20210414,12.62,13.04,12.5,12.91,12.65,0.26,2.0553,19116.06,24495.912
603367.SH,20210413,13.18,13.18,12.56,12.65,13.33,-0.68,-5.1013,38259.78,48564.024
603367.SH,20210412,13.26,13.49,13.26,13.33,13.33,0.0,0.0,16045.93,21525.56
603367.SH,20210409,13.33,13.4,13.15,13.33,13.41,-0.08,-0.5966,13260.0,17580.204
603367.SH,20210408,13.43,13.5,13.38,13.41,13.4,0.01,0.0746,12224.85,16419.687
603367.SH,20210407,13.24,13.53,13.24,13.4,13.24,0.16,1.2085,14156.57,18996.218
603367.SH,20210406,13.12,13.27,13.12,13.24,13.12,0.12,0.9146,7987.25,10545.103
603367.SH,20210402,13.2,13.24,13.03,13.12,13.2,-0.08,-0.6061,7442.56,9764.221
603367.SH,20210401,13.08,13.28,13.06,13.2,13.09,0.11,0.8403,9830.38,12975.947
603367.SH,20210331,12.7,13.15,12.68,13.09,12.76,0.33,2.5862,14815.16,19190.748
603367.SH,20210330,13.07,13.07,12.75,12.76,13.07,-0.31,-2.3718,14085.04,18122.884
603367.SH,20210329,13.18,13.23,13.04,13.07,13.17,-0.1,-0.7593,10654.44,13974.309
603367.SH,20210326,13.05,13.21,13.05,13.17,13.05,0.12,0.9195,7319.14,9642.164
603367.SH,20210325,13.06,13.11,13.0,13.05,13.06,-0.01,-0.0766,5675.88,7412.866
603367.SH,20210324,13.2,13.31,13.02,13.06,13.27,-0.21,-1.5825,11138.08,14617.749
603367.SH,20210323,13.5,13.5,13.24,13.27,13.45,-0.18,-1.3383,10227.75,13625.371
603367.SH,20210322,13.44,13.51,13.38,13.45,13.44,0.01,0.0744,10225.0,13729.952
603367.SH,20210319,13.43,13.55,13.36,13.44,13.47,-0.03,-0.2227,8203.01,11042.724
603367.SH,20210318,13.43,13.57,13.41,13.47,13.5,-0.03,-0.2222,9381.44,12628.926
603367.SH,20210317,13.37,13.54,13.35,13.5,13.42,0.08,0.5961,9867.34,13251.981
603367.SH,20210316,13.1,13.43,13.1,13.42,13.14,0.28,2.1309,11449.0,15258.388
603367.SH,20210315,13.43,13.48,13.09,13.14,13.43,-0.29,-2.1593,12274.96,16242.316
603367.SH,20210312,13.36,13.55,13.22,13.43,13.38,0.05,0.3737,10690.09,14299.837
603367.SH,20210311,13.28,13.38,13.19,13.38,13.2,0.18,1.3636,12559.76,16737.009
603367.SH,20210310,13.4,13.43,13.17,13.2,13.42,-0.22,-1.6393,18728.95,24824.301
603367.SH,20210309,13.52,13.7,13.09,13.42,13.59,-0.17,-1.2509,38376.25,51490.611
603367.SH,20210308,12.93,14.18,12.93,13.59,12.91,0.68,5.2672,73320.11,100455.772
603367.SH,20210305,12.76,12.95,12.75,12.91,12.81,0.1,0.7806,9387.37,12094.58
603367.SH,20210304,12.83,13.0,12.77,12.81,12.87,-0.06,-0.4662,15067.48,19394.956
603367.SH,20210303,12.68,12.88,12.65,12.87,12.74,0.13,1.0204,8442.1,10823.442
603367.SH,20210302,12.98,12.98,12.7,12.74,12.88,-0.14,-1.087,9723.69,12456.245
603367.SH,20210301,12.66,12.94,12.66,12.88,12.66,0.22,1.7378,16077.93,20665.826
603367.SH,20210226,12.76,12.76,12.58,12.66,12.78,-0.12,-0.939,12317.0,15600.786
603367.SH,20210225,12.86,12.96,12.77,12.78,12.88,-0.1,-0.7764,12424.6,15933.387
603367.SH,20210224,12.79,13.0,12.73,12.88,12.69,0.19,1.4972,18379.56,23631.994
603367.SH,20210223,12.63,12.83,12.55,12.69,12.64,0.05,0.3956,11469.2,14543.163
603367.SH,20210222,12.61,12.94,12.61,12.64,12.63,0.01,0.0792,25370.48,32455.953
603367.SH,20210219,12.39,12.7,12.37,12.63,12.39,0.24,1.937,16800.19,21037.701
603367.SH,20210218,12.3,12.47,12.21,12.39,12.2,0.19,1.5574,11326.94,14001.184
603367.SH,20210210,12.18,12.24,12.1,12.2,12.18,0.02,0.1642,7605.08,9254.975
603367.SH,20210209,12.11,12.22,11.95,12.18,12.11,0.07,0.578,9597.42,11590.526
603367.SH,20210208,11.7,12.32,11.67,12.11,11.67,0.44,3.7704,20472.93,24554.023
603367.SH,20210205,11.66,11.79,11.61,11.67,11.65,0.02,0.1717,13802.28,16125.438
603367.SH,20210204,12.14,12.14,11.54,11.65,12.11,-0.46,-3.7985,21576.15,25305.304
603367.SH,20210203,12.53,12.53,12.1,12.11,12.46,-0.35,-2.809,18872.49,23068.653
603367.SH,20210202,12.49,12.55,12.36,12.46,12.51,-0.05,-0.3997,9845.58,12281.267
603367.SH,20210201,12.51,12.62,12.43,12.51,12.5,0.01,0.08,9896.53,12383.173
603367.SH,20210129,12.73,12.82,12.4,12.5,12.72,-0.22,-1.7296,19826.0,24914.294
603367.SH,20210128,12.65,12.86,12.58,12.72,12.63,0.09,0.7126,14183.6,18097.169
603367.SH,20210127,12.77,12.82,12.61,12.63,12.77,-0.14,-1.0963,14191.51,18021.869
603367.SH,20210126,12.89,12.89,12.74,12.77,12.8,-0.03,-0.2344,9895.12,12643.32
603367.SH,20210125,13.06,13.12,12.77,12.8,13.06,-0.26,-1.9908,15972.86,20560.524
603367.SH,20210122,13.14,13.2,12.99,13.06,13.14,-0.08,-0.6088,14418.38,18853.669
603367.SH,20210121,13.13,13.24,13.12,13.14,13.13,0.01,0.0762,13027.75,17178.217
603367.SH,20210120,13.27,13.28,13.1,13.13,13.23,-0.1,-0.7559,12412.53,16332.445
603367.SH,20210119,13.15,13.28,13.07,13.23,13.15,0.08,0.6084,16405.78,21618.73
603367.SH,20210118,13.2,13.2,13.05,13.15,13.12,0.03,0.2287,12860.72,16869.289
603367.SH,20210115,13.14,13.25,13.04,13.12,13.09,0.03,0.2292,12015.36,15782.084
603367.SH,20210114,12.8,13.13,12.73,13.09,12.79,0.3,2.3456,15527.82,20219.858
603367.SH,20210113,13.0,13.08,12.73,12.79,13.08,-0.29,-2.2171,19320.84,24748.613
603367.SH,20210112,13.09,13.19,12.91,13.08,12.96,0.12,0.9259,9335.74,12183.725
603367.SH,20210111,13.22,13.22,12.86,12.96,13.22,-0.26,-1.9667,15018.83,19565.292
603367.SH,20210108,13.11,13.26,12.81,13.22,13.12,0.1,0.7622,15122.48,19800.45
603367.SH,20210107,13.6,13.61,13.05,13.12,13.58,-0.46,-3.3873,26960.56,35644.634
603367.SH,20210106,13.71,13.71,13.47,13.58,13.71,-0.13,-0.9482,21880.5,29658.787
603367.SH,20210105,13.77,13.77,13.63,13.71,13.77,-0.06,-0.4357,17780.73,24315.681
603367.SH,20210104,13.9,13.9,13.6,13.77,13.91,-0.14,-1.0065,22679.05,31076.616
603367.SH,20201231,13.89,13.97,13.81,13.91,13.81,0.1,0.7241,13764.42,19092.128
603367.SH,20201230,13.87,13.87,13.66,13.81,13.87,-0.06,-0.4326,10732.54,14795.908
603367.SH,20201229,13.85,14.02,13.7,13.87,13.81,0.06,0.4345,13338.12,18503.658
603367.SH,20201228,13.66,13.98,13.65,13.81,13.75,0.06,0.4364,12644.61,17478.46
603367.SH,20201225,13.68,13.85,13.6,13.75,13.74,0.01,0.0728,10215.07,14041.171
603367.SH,20201224,14.12,14.17,13.7,13.74,14.11,-0.37,-2.6223,24221.25,33719.369
603367.SH,20201223,14.23,14.24,14.07,14.11,14.24,-0.13,-0.9129,17300.41,24398.081
603367.SH,20201222,14.2,14.44,14.18,14.24,14.28,-0.04,-0.2801,26749.66,38178.387
603367.SH,20201221,14.2,14.28,14.05,14.28,14.23,0.05,0.3514,11773.37,16662.28
603367.SH,20201218,14.19,14.34,14.17,14.23,14.24,-0.01,-0.0702,9617.0,13701.527
603367.SH,20201217,14.1,14.26,14.06,14.24,14.1,0.14,0.9929,11988.98,16990.969
603367.SH,20201216,14.45,14.45,14.08,14.1,14.44,-0.34,-2.3546,22621.38,32089.206
603367.SH,20201215,14.53,14.57,14.4,14.44,14.5,-0.06,-0.4138,11202.92,16211.026
603367.SH,20201214,14.48,14.55,14.4,14.5,14.54,-0.04,-0.2751,11819.84,17085.217
603367.SH,20201211,14.63,14.68,14.41,14.54,14.69,-0.15,-1.0211,13240.1,19227.794
603367.SH,20201210,14.59,14.72,14.52,14.69,14.59,0.1,0.6854,13952.88,20423.656
603367.SH,20201209,14.76,14.82,14.57,14.59,14.72,-0.13,-0.8832,14093.0,20683.042
603367.SH,20201208,14.8,14.91,14.68,14.72,14.84,-0.12,-0.8086,14268.56,21052.213
603367.SH,20201207,15.03,15.04,14.82,14.84,15.03,-0.19,-1.2641,14480.43,21588.408
603367.SH,20201204,15.09,15.09,14.93,15.03,15.01,0.02,0.1332,16861.24,25283.293
603367.SH,20201203,14.95,15.07,14.91,15.01,14.95,0.06,0.4013,16428.03,24669.28
603367.SH,20201202,15.0,15.06,14.9,14.95,15.0,-0.05,-0.3333,15158.27,22678.587
603367.SH,20201201,14.89,15.11,14.86,15.0,14.89,0.11,0.7388,25177.0,37849.845
603367.SH,20201130,14.8,14.97,14.71,14.89,14.83,0.06,0.4046,20822.57,30975.551
603367.SH,20201127,14.71,14.83,14.66,14.83,14.71,0.12,0.8158,10419.32,15349.86
603367.SH,20201126,14.65,14.74,14.57,14.71,14.66,0.05,0.3411,10954.4,16053.469
603367.SH,20201125,14.87,14.9,14.61,14.66,14.84,-0.18,-1.2129,17019.75,25059.443
603367.SH,20201124,14.95,14.99,14.84,14.84,14.94,-0.1,-0.6693,15333.88,22830.529
603367.SH,20201123,14.9,15.0,14.88,14.94,14.9,0.04,0.2685,16091.0,24039.309
603367.SH,20201120,14.94,14.99,14.86,14.9,14.93,-0.03,-0.2009,13958.99,20814.512
603367.SH,20201119,14.79,14.97,14.78,14.93,14.79,0.14,0.9466,19353.0,28831.167
603367.SH,20201118,14.78,14.86,14.74,14.79,14.79,0.0,0.0,12505.4,18515.261
603367.SH,20201117,14.88,14.95,14.72,14.79,14.87,-0.08,-0.538,12813.4,18964.237
603367.SH,20201116,14.65,14.9,14.62,14.87,14.62,0.25,1.71,18286.48,27106.644
603367.SH,20201113,14.61,14.69,14.5,14.62,14.62,0.0,0.0,12782.0,18600.882
603367.SH,20201112,14.75,14.83,14.61,14.62,14.71,-0.09,-0.6118,15319.37,22511.053
603367.SH,20201111,14.87,14.87,14.61,14.71,14.87,-0.16,-1.076,15883.0,23344.074
603367.SH,20201110,15.0,15.06,14.83,14.87,14.94,-0.07,-0.4685,18969.29,28349.138
603367.SH,20201109,14.85,15.01,14.83,14.94,14.84,0.1,0.6739,23243.52,34736.976
603367.SH,20201106,14.86,14.91,14.7,14.84,14.86,-0.02,-0.1346,12328.09,18206.304
603367.SH,20201105,14.78,14.89,14.73,14.86,14.74,0.12,0.8141,15936.95,23607.59
603367.SH,20201104,14.75,14.78,14.59,14.74,14.7,0.04,0.2721,12010.07,17642.289
603367.SH,20201103,14.49,14.75,14.38,14.7,14.38,0.32,2.2253,19588.07,28674.325
603367.SH,20201102,14.53,14.64,14.33,14.38,14.56,-0.18,-1.2363,22184.93,32050.796
603367.SH,20201030,14.88,15.0,14.51,14.56,14.81,-0.25,-1.688,19436.34,28720.249
603367.SH,20201029,14.58,14.86,14.52,14.81,14.72,0.09,0.6114,13293.17,19595.52
603367.SH,20201028,14.82,14.89,14.65,14.72,14.82,-0.1,-0.6748,18587.11,27381.073
603367.SH,20201027,14.89,14.96,14.72,14.82,14.91,-0.09,-0.6036,13648.39,20252.144
603367.SH,20201026,15.0,15.0,14.81,14.91,15.0,-0.09,-0.6,13474.77,20071.903
603367.SH,20201023,15.05,15.17,14.92,15.0,15.05,-0.05,-0.3322,9806.0,14739.71
603367.SH,20201022,15.2,15.23,14.97,15.05,15.2,-0.15,-0.9868,16731.61,25177.673
603367.SH,20201021,15.3,15.44,15.13,15.2,15.3,-0.1,-0.6536,11373.04,17324.455
603367.SH,20201020,15.21,15.34,15.16,15.3,15.27,0.03,0.1965,11504.81,17543.422
603367.SH,20201019,15.54,15.54,15.25,15.27,15.43,-0.16,-1.0369,15829.4,24365.454
603367.SH,20201016,15.22,15.49,15.14,15.43,15.22,0.21,1.3798,17696.8,27140.134
603367.SH,20201015,15.35,15.35,15.13,15.22,15.32,-0.1,-0.6527,15671.91,23853.332
603367.SH,20201014,15.45,15.55,15.27,15.32,15.52,-0.2,-1.2887,15796.28,24298.113
603367.SH,20201013,15.52,15.58,15.42,15.52,15.51,0.01,0.0645,17998.99,27884.601
603367.SH,20201012,15.4,15.62,15.4,15.51,15.23,0.28,1.8385,22512.87,34949.785
603367.SH,20201009,14.9,15.27,14.9,15.23,14.77,0.46,3.1144,18287.71,27656.079
603367.SH,20200930,14.78,14.85,14.71,14.77,14.77,0.0,0.0,12121.52,17909.115
603367.SH,20200929,14.71,14.92,14.7,14.77,14.7,0.07,0.4762,15869.8,23477.181
603367.SH,20200928,15.24,15.24,14.7,14.7,15.12,-0.42,-2.7778,26191.45,38854.321
603367.SH,20200925,15.1,15.32,15.07,15.12,15.09,0.03,0.1988,12812.32,19445.545
603367.SH,20200924,15.47,15.47,15.08,15.09,15.49,-0.4,-2.5823,20864.95,31761.22
603367.SH,20200923,15.45,15.5,15.34,15.49,15.4,0.09,0.5844,14171.03,21858.552
603367.SH,20200922,15.35,15.65,15.21,15.4,15.41,-0.01,-0.0649,24445.24,37903.458
603367.SH,20200921,15.48,15.49,15.34,15.41,15.49,-0.08,-0.5165,13068.61,20122.784
603367.SH,20200918,15.26,15.51,15.19,15.49,15.28,0.21,1.3743,18326.88,28170.754
603367.SH,20200917,15.35,15.35,15.15,15.28,15.32,-0.04,-0.2611,14029.68,21365.462
603367.SH,20200916,15.3,15.44,15.2,15.32,15.29,0.03,0.1962,13223.95,20235.831
603367.SH,20200915,15.28,15.42,15.19,15.29,15.32,-0.03,-0.1958,13385.52,20439.128
603367.SH,20200914,15.42,15.51,15.19,15.32,15.35,-0.03,-0.1954,18058.83,27715.276
603367.SH,20200911,15.07,15.36,15.07,15.35,15.09,0.26,1.723,19091.89,29073.084
603367.SH,20200910,15.77,15.82,15.03,15.09,15.68,-0.59,-3.7628,33560.71,51721.73
603367.SH,20200909,15.89,16.01,15.66,15.68,16.07,-0.39,-2.4269,30856.67,48781.046
603367.SH,20200908,16.0,16.15,15.86,16.07,16.0,0.07,0.4375,21287.91,34032.63
603367.SH,20200907,16.31,16.42,15.99,16.0,16.43,-0.43,-2.6172,27344.77,44209.875
603367.SH,20200904,16.3,16.44,16.0,16.43,16.47,-0.04,-0.2429,28191.78,45554.411
603367.SH,20200903,16.39,16.63,16.33,16.47,16.38,0.09,0.5495,36527.18,60214.344
603367.SH,20200902,16.27,16.38,16.11,16.38,16.24,0.14,0.8621,22579.8,36740.063
603367.SH,20200901,16.33,16.33,16.18,16.24,16.27,-0.03,-0.1844,18055.75,29324.973
603367.SH,20200831,16.32,16.45,16.23,16.27,16.27,0.0,0.0,26972.64,44124.521
603367.SH,20200828,16.03,16.28,15.94,16.27,16.03,0.24,1.4972,26974.4,43589.874
603367.SH,20200827,16.0,16.07,15.78,16.03,15.98,0.05,0.3129,27703.44,44125.961
603367.SH,20200826,16.39,16.4,15.9,15.98,16.37,-0.39,-2.3824,44036.47,70991.924
603367.SH,20200825,16.59,16.66,16.33,16.37,16.59,-0.22,-1.3261,33768.76,55668.452
603367.SH,20200824,16.5,16.66,16.41,16.59,16.55,0.04,0.2417,23748.34,39315.881
603367.SH,20200821,16.6,16.79,16.44,16.55,16.6,-0.05,-0.3012,29484.98,49093.25
603367.SH,20200820,16.5,16.7,16.31,16.6,16.5,0.1,0.6061,23553.32,38914.256
603367.SH,20200819,16.78,16.83,16.45,16.5,16.83,-0.33,-1.9608,40279.33,66985.616
603367.SH,20200818,16.96,16.99,16.74,16.83,16.89,-0.06,-0.3552,36533.11,61467.566
603367.SH,20200817,16.68,16.94,16.62,16.89,16.68,0.21,1.259,40716.11,68429.658
603367.SH,20200814,16.72,16.72,16.38,16.68,16.65,0.03,0.1802,33510.0,55499.277
603367.SH,20200813,16.6,16.78,16.51,16.65,16.61,0.04,0.2408,38394.51,63919.234
603367.SH,20200812,16.55,16.71,16.24,16.61,16.68,-0.07,-0.4197,61250.76,100897.364
603367.SH,20200811,17.25,17.42,16.65,16.68,17.45,-0.77,-4.4126,118093.4,200196.041
603367.SH,20200810,17.4,17.64,17.2,17.45,17.86,-0.41,-2.2956,88892.41,154744.926
603367.SH,20200807,19.4,19.4,17.58,17.86,18.7,-0.84,-4.492,172033.32,315523.802
603367.SH,20200806,17.87,19.05,17.86,18.7,17.96,0.74,4.1203,170844.62,317133.983
603367.SH,20200805,17.77,18.09,17.47,17.96,17.77,0.19,1.0692,68637.36,122256.936
603367.SH,20200804,18.38,18.38,17.71,17.77,18.39,-0.62,-3.3714,115967.61,208868.122
603367.SH,20200803,18.08,18.61,17.87,18.39,17.99,0.4,2.2235,133118.49,243571.864
603367.SH,20200731,17.31,18.08,17.3,17.99,17.49,0.5,2.8588,153995.79,272982.034
603367.SH,20200730,17.15,17.97,17.11,17.49,17.14,0.35,2.042,139752.93,246020.207
603367.SH,20200729,16.75,17.17,16.57,17.14,16.82,0.32,1.9025,62988.31,106955.861
603367.SH,20200728,17.17,17.22,16.74,16.82,17.02,-0.2,-1.1751,48523.27,82267.768
603367.SH,20200727,16.72,17.15,16.66,17.02,16.67,0.35,2.0996,53267.54,90116.609
603367.SH,20200724,17.6,17.6,16.62,16.67,17.65,-0.98,-5.5524,89936.37,153544.7
603367.SH,20200723,17.01,17.84,16.94,17.65,17.18,0.47,2.7357,119078.9,208548.247
603367.SH,20200722,17.09,17.28,16.93,17.18,17.1,0.08,0.4678,56816.89,97537.722
603367.SH,20200721,16.95,17.28,16.85,17.1,16.95,0.15,0.885,53822.3,91915.351
603367.SH,20200720,16.61,16.95,16.5,16.95,16.46,0.49,2.9769,50635.6,84842.28
603367.SH,20200717,16.3,16.58,16.1,16.46,16.24,0.22,1.3547,51438.47,84148.098
603367.SH,20200716,16.96,17.09,16.2,16.24,16.93,-0.69,-4.0756,76191.89,126566.838
603367.SH,20200715,17.3,17.58,16.81,16.93,17.24,-0.31,-1.7981,84587.14,145514.238
603367.SH,20200714,17.86,17.92,17.29,17.51,17.85,-0.34,-1.9048,95991.22,168092.149
603367.SH,20200713,17.15,17.95,17.14,17.85,17.23,0.62,3.5984,93176.22,164178.149
603367.SH,20200710,17.3,17.62,17.13,17.23,17.3,-0.07,-0.4046,87272.65,151597.125
603367.SH,20200709,16.94,17.48,16.85,17.3,16.93,0.37,2.1855,95538.81,164900.861
603367.SH,20200708,16.82,16.95,16.58,16.93,16.82,0.11,0.654,69590.57,116790.937
603367.SH,20200707,16.8,16.98,16.61,16.82,16.74,0.08,0.4779,72282.85,121476.691
603367.SH,20200706,16.36,16.85,16.33,16.74,16.31,0.43,2.6364,76150.39,126483.482
603367.SH,20200703,16.19,16.36,16.07,16.31,16.18,0.13,0.8035,43512.21,70594.987
603367.SH,20200702,16.05,16.18,15.91,16.18,16.05,0.13,0.81,37706.0,60741.013
603367.SH,20200701,16.18,16.22,15.86,16.05,16.17,-0.12,-0.7421,40222.54,64454.841
603367.SH,20200630,15.88,16.24,15.83,16.17,15.87,0.3,1.8904,41125.11,66182.838
603367.SH,20200629,15.71,15.95,15.7,15.87,15.79,0.08,0.5066,24829.21,39400.461
603367.SH,20200624,15.93,16.02,15.69,15.79,15.96,-0.17,-1.0652,32658.9,51614.487
603367.SH,20200623,15.95,16.08,15.88,15.96,15.95,0.01,0.0627,31872.44,50883.346
603367.SH,20200622,16.19,16.19,15.8,15.95,16.16,-0.21,-1.2995,59356.65,94557.723
603367.SH,20200619,16.57,16.57,16.1,16.16,16.58,-0.42,-2.5332,57613.07,93587.562
603367.SH,20200618,16.8,17.17,16.3,16.58,16.7,-0.12,-0.7186,82872.7,138245.372
603367.SH,20200617,16.14,16.76,16.09,16.7,16.08,0.62,3.8557,92146.05,152495.463
603367.SH,20200616,16.06,16.15,15.86,16.08,15.97,0.11,0.6888,39787.51,63618.313
603367.SH,20200615,16.07,16.36,15.94,15.97,15.94,0.03,0.1882,59926.16,96644.133
603367.SH,20200612,15.55,16.08,15.5,15.94,15.76,0.18,1.1421,49903.32,79377.736
603367.SH,20200611,15.69,16.02,15.62,15.76,15.67,0.09,0.5743,50515.62,79936.872
603367.SH,20200610,15.63,15.74,15.55,15.67,15.6,0.07,0.4487,27381.0,42846.717
603367.SH,20200609,15.46,15.68,15.38,15.6,15.44,0.16,1.0363,29468.24,45935.28
603367.SH,20200608,15.5,15.56,15.37,15.44,15.45,-0.01,-0.0647,21847.97,33784.135
603367.SH,20200605,15.43,15.56,15.36,15.45,15.5,-0.05,-0.3226,15344.13,23647.017
603367.SH,20200604,15.42,15.59,15.32,15.5,15.42,0.08,0.5188,19543.45,30130.853
603367.SH,20200603,15.52,15.73,15.41,15.42,15.45,-0.03,-0.1942,30615.1,47754.472
603367.SH,20200602,15.45,15.52,15.34,15.45,15.44,0.01,0.0648,20342.37,31383.8
603367.SH,20200601,15.18,15.5,15.14,15.44,15.13,0.31,2.0489,26253.05,40354.011
603367.SH,20200529,15.0,15.15,14.98,15.13,15.05,0.08,0.5316,13720.58,20700.337
603367.SH,20200528,15.11,15.21,14.9,15.05,15.19,-0.14,-0.9217,18826.11,28309.239
603367.SH,20200527,15.46,15.46,15.12,15.19,15.35,-0.16,-1.0423,16566.35,25222.946
603367.SH,20200526,15.12,15.36,15.12,15.35,15.12,0.23,1.5212,17591.0,26884.215
603367.SH,20200525,15.1,15.15,14.91,15.12,15.13,-0.01,-0.0661,17328.03,26053.55
603367.SH,20200522,15.63,15.63,15.06,15.13,15.57,-0.44,-2.8259,35762.24,54632.177
603367.SH,20200521,15.65,15.75,15.52,15.57,15.57,0.0,0.0,23231.96,36291.675
603367.SH,20200520,15.84,15.84,15.52,15.57,15.74,-0.17,-1.0801,28784.61,44917.717
603367.SH,20200519,15.76,15.92,15.68,15.74,15.68,0.06,0.3827,23539.16,37083.192
603367.SH,20200518,15.73,15.78,15.52,15.68,15.73,-0.05,-0.3179,24601.09,38503.159
603367.SH,20200515,15.78,15.84,15.63,15.73,15.72,0.01,0.0636,21125.55,33185.285
603367.SH,20200514,16.01,16.01,15.68,15.72,16.04,-0.32,-1.995,33271.18,52542.992
603367.SH,20200513,16.0,16.07,15.83,16.04,16.01,0.03,0.1874,27517.29,43963.216
